0.000000,0.000000
0.000000,0.000000
0.000000,0.000000
0.000000,0.000000
0.000000,0.000000
0.000000,0.000000
0.000000,0.000000
0.000000,0.000000
0.000000,0.000000
0.000000,0.000000
0.000000,0.000000
0.000000,0.000000
0.000000,0.000000
0.000000,0.000000
0.000000,0.000000
0.000000,0.000000
0.000000,0.000000
193.240585,-11.067821
193.240585,-11.067821
193.240585,-11.067821
193.240585,-11.067821
193.240585,-11.067821
193.240585,-11.067821
193.240585,-11.067821
193.240585,-11.067821
193.240585,-11.067821
193.240585,-11.067821
193.240585,-11.067821
193.240585,-11.067821
193.240585,-11.067821
193.240585,-11.067821
193.240585,-11.067821
193.240585,-11.067821
193.240585,-11.067821
193.240585,-11.067821
193.240585,-11.067821
193.240585,-11.067821
193.240585,-11.067821
193.240585,-11.067821
193.240585,-11.067821
193.240585,-11.067821
193.240585,-11.067821
193.240585,-11.067821
193.240585,-11.067821
193.240585,-11.067821
193.240585,-11.067821
193.240585,-11.067821
193.240585,-11.067821
193.240585,-11.067821
193.240585,-11.067821
193.240585,-11.067821
193.240585,-11.067821
193.240585,-11.067821
193.240585,-11.067821
193.240585,-11.067821
193.240585,-11.067821
193.240585,-11.067821
193.240585,-11.067821
193.240585,-11.067821
193.240585,-11.067821
193.240585,-11.067821
193.240585,-11.067821
193.240585,-11.067821
193.240585,-11.067821
193.240585,-11.067821
193.240585,-11.067821
193.240585,-11.067821
193.240585,-11.067821
193.240585,-11.067821
193.240585,-11.067821
193.240585,-11.067821
193.240585,-11.067821
193.240585,-11.067821
193.240585,-11.067821
193.240585,-11.067821
193.240662,-11.060545
193.240997,-11.032510
193.241562,-10.985279
193.242325,-10.920377
193.243256,-10.839290
193.244370,-10.743436
193.245636,-10.634130
193.247101,-10.512545
193.248688,-10.379706
193.250381,-10.236490
193.252182,-10.083631
193.254120,-9.921737
193.256149,-9.751313
193.258255,-9.572775
193.260498,-9.386458
193.262802,-9.192643
193.265228,-8.991560
193.267929,-8.783401
193.270813,-8.568321
193.273880,-8.346455
193.277069,-8.117912
193.280411,-7.882791
193.283859,-7.641171
193.287476,-7.393131
193.291245,-7.138726
193.295135,-6.878061
193.299194,-6.611063
193.303375,-6.338565
193.307709,-6.059292
193.312180,-5.775001
193.316818,-5.483769
193.321594,-5.187598
193.326538,-4.884703
193.331635,-4.576932
193.336884,-4.262654
193.342499,-3.943585
193.348373,-3.618373
193.354507,-3.288882
193.360870,-2.954200
193.367432,-2.616292
193.374222,-2.274567
193.381149,-1.931012
193.388245,-1.585203
193.395462,-1.239054
193.402832,-0.892137
193.410309,-0.546194
193.417908,-0.200627
193.425583,0.143053
193.433350,0.485692
193.440750,0.825986
193.447968,1.165036
193.454865,1.501630
193.461807,1.836872
193.468353,2.169469
193.475113,2.500780
193.481445,2.829752
193.487961,3.157980
193.494110,3.484455
193.500488,3.810870
193.506454,4.136197
193.512650,4.462153
193.518524,4.787653
193.523849,5.114367
193.528275,5.441123
193.532471,5.769462
193.536148,6.098100
193.539642,6.428436
193.542694,6.759093
193.545639,7.091340
193.548126,7.423737
193.550507,7.757462
193.552460,8.091059
193.554337,8.425664
193.555817,8.759841
193.557236,9.094728
193.558212,9.428927
193.559174,9.763605
193.559708,10.097405
193.560226,10.431621
193.560303,10.765653
193.560303,11.101829
193.559982,11.439864
193.553925,11.781134
193.541656,12.124793
193.525192,12.472605
193.505386,12.823746
193.482529,13.179463
193.457031,13.538864
193.428864,13.902967
193.398270,14.270946
193.365295,14.643648
193.330048,15.020339
193.292618,15.401718
193.253098,15.787158
193.211533,16.177214
193.168106,16.571365
193.122787,16.970043
193.075760,17.372841
193.027008,17.780060
192.976639,18.191401
192.924728,18.607058
192.871384,19.026819
192.816605,19.450794
192.760483,19.878845
192.703064,20.311018
192.644409,20.747221
192.584564,21.187452
192.523605,21.631660
192.461563,22.079815
192.398499,22.531878
192.334412,22.987814
192.269363,23.447588
192.203400,23.911160
192.136581,24.378492
192.068863,24.849556
192.000351,25.324301
191.931046,25.802702
191.860977,26.284716
191.790115,26.770309
191.718567,27.259439
191.646317,27.752077
191.573410,28.248186
191.499817,28.747725
191.425613,29.250658
191.350800,29.756958
191.275330,30.266581
191.199295,30.779493
191.122696,31.295664
191.045486,31.815056
190.967743,32.337635
190.889465,32.863369
190.810654,33.392220
190.731323,33.924160
190.651459,34.459148
190.571091,34.997158
190.490204,35.538158
190.408890,36.082111
190.327026,36.628983
190.244690,37.178753
190.161896,37.731377
190.078629,38.286839
189.994904,38.845089
189.916046,39.406456
189.843231,39.971035
189.776199,40.538841
189.715210,41.109886
189.660477,41.684120
189.612305,42.261478
189.571075,42.841869
189.537277,43.425175
189.509476,44.011368
189.487198,44.600376
189.470367,45.192085
189.458740,45.786415
189.452209,46.383270
189.450714,46.982582
189.454330,47.584255
189.463257,48.188202
189.474075,48.794521
189.485916,49.403217
189.498642,50.014248
189.511917,50.627598
189.525406,51.243225
189.538818,51.861130
189.552032,52.481281
189.563721,53.103653
189.573593,53.728207
189.581512,54.354931
189.587433,54.983807
189.591248,55.614784
189.592743,56.247738
189.591797,56.882526
189.588104,57.518913
189.582596,58.156696
189.575485,58.795612
189.566864,59.435364
189.556839,60.075668
189.545425,60.716213
189.532745,61.356743
189.518753,61.996983
189.504425,62.636738
189.490128,63.275829
189.475952,63.914116
189.462021,64.551491
189.448410,65.187912
189.435272,65.823341
189.422668,66.457809
189.410797,67.091354
189.399643,67.724068
189.389236,68.356041
189.379608,68.987404
189.370743,69.618271
189.362717,70.248787
189.355530,70.879074
189.348846,71.509270
189.342560,72.139481
189.336578,72.769821
189.330948,73.400383
189.325562,74.031250
189.320450,74.662468
189.315536,75.294083
189.310623,75.926125
189.305557,76.558594
189.300369,77.191475
189.295029,77.824753
189.289490,78.458397
189.283707,79.092354
189.277695,79.726585
189.271439,80.361031
189.264938,80.995636
189.258224,81.630333
189.251251,82.265076
189.244080,82.899811
189.236679,83.534492
189.229019,84.169067
189.221222,84.803513
189.213379,85.437790
189.205429,86.071892
189.197433,86.705818
189.189392,87.339539
189.181320,87.973083
189.173218,88.606453
189.165146,89.239655
189.157120,89.872719
189.149170,90.505669
189.141266,91.138512
189.133453,91.771294
189.125702,92.404037
189.118042,93.036766
189.110458,93.669487
189.102921,94.302254
189.095459,94.935059
189.088058,95.567917
189.080704,96.200844
189.073410,96.833862
189.066193,97.466972
189.058472,98.100136
189.050125,98.733376
189.041153,99.366676
189.031479,100.000038
189.021057,100.633453
189.009781,101.266899
188.997620,101.900368
188.982834,102.533745
188.965012,103.167023
188.944138,103.800140
188.919937,104.433121
188.892166,105.065903
188.860428,105.698456
188.823792,106.330620
188.782028,106.962372
188.735077,107.593681
188.682816,108.224503
188.625031,108.854744
188.561386,109.484375
188.491898,110.113319
188.416656,110.741577
188.335739,111.369125
188.249222,111.995934
188.156982,112.621948
188.058868,113.247070
187.954468,113.871140
187.844742,114.494370
187.730133,115.116791
187.610641,115.738403
187.486343,116.359146
187.357285,116.978973
187.223160,117.597794
187.084686,118.215698
186.942108,118.832771
186.795502,119.448982
186.645035,120.064293
186.490601,120.678673
186.332169,121.292038
186.169739,121.904373
186.003510,122.515663
185.833496,123.125946
185.659805,123.735153
185.482346,124.343246
185.301010,124.950172
185.115555,125.555801
184.926071,126.160103
184.732651,126.763123
184.535248,127.364830
184.333862,127.965157
184.128342,128.564026
183.918350,129.161301
183.704056,129.756989
183.485580,130.351120
183.262894,130.943695
183.035995,131.534653
182.804794,132.123932
182.569046,132.711380
182.328857,133.297043
182.084442,133.880966
181.835800,134.463120
181.582977,135.043488
181.325928,135.622025
181.064407,136.198563
180.798584,136.773163
180.528610,137.345840
180.254593,137.916641
179.976532,138.485519
179.694397,139.052399
179.408081,139.617188
179.117630,140.179886
178.823181,140.740509
178.524826,141.299088
178.222595,141.855591
177.916504,142.409988
177.606415,142.962173
177.292130,143.511932
176.973938,144.059418
176.651947,144.604706
176.326248,145.147781
175.996857,145.688599
175.663666,146.227097
175.326523,146.763077
174.985565,147.296631
174.640915,147.827820
174.292633,148.356628
173.940781,148.883041
173.585297,149.407013
173.225998,149.928345
172.862946,150.447067
172.496246,150.963226
172.126038,151.476837
171.752243,151.987885
171.374893,152.496307
170.993881,153.001984
170.609161,153.504852
170.220810,154.004944
169.829025,154.502304
169.433746,154.996918
169.035004,155.488770
168.632690,155.977707
168.226624,156.463486
167.817001,156.946289
167.404022,157.426224
166.987671,157.903290
166.568008,158.377441
166.144974,158.848572
165.718399,159.316498
165.288452,159.781326
164.855270,160.243134
164.418900,160.701935
163.979355,161.157745
163.536621,161.610458
163.090591,162.059906
162.641327,162.506104
162.188934,162.949142
161.733490,163.389053
161.275009,163.825790
160.813507,164.259354
160.348877,164.689560
159.881149,165.116348
159.410385,165.539764
158.936676,165.959915
158.460068,166.376801
157.980560,166.790314
157.498077,167.200363
157.012466,167.606659
156.523941,168.009430
156.032578,168.408768
155.538467,168.804703
155.041626,169.197205
154.541992,169.586166
154.039474,169.971344
153.534180,170.352875
153.026230,170.730896
152.515656,171.105347
152.002502,171.476318
151.486771,171.843689
150.968353,172.207230
150.447327,172.567001
149.923752,172.923126
149.397720,173.275604
148.869263,173.624435
148.338379,173.969574
147.805038,174.310822
147.269196,174.648163
146.730957,174.981689
146.190414,175.311447
145.647583,175.637436
145.102493,175.959641
144.555099,176.277908
144.005264,176.591934
143.453186,176.901932
142.898956,177.208069
142.342606,177.510345
141.784149,177.808792
141.223587,178.103241
140.660873,178.393448
140.096054,178.679611
139.529251,178.961792
138.960480,179.240097
138.389816,179.514435
137.817230,179.784775
137.242676,180.050934
136.666245,180.312881
136.087967,180.570770
135.507904,180.824661
134.926102,181.074539
134.342560,181.320374
133.757248,181.561951
133.170227,181.799240
132.581512,182.032333
131.991165,182.261307
131.399261,182.486191
130.805771,182.706955
130.210739,182.923401
129.614075,183.135223
129.015869,183.342743
128.416245,183.546066
127.815193,183.745255
127.212784,183.940231
126.608994,184.130936
126.003815,184.317093
125.397293,184.498856
124.789520,184.676376
124.180527,184.849686
123.570328,185.018799
122.958969,185.183655
122.346436,185.344025
121.732750,185.499924
121.117966,185.651474
120.502144,185.798767
119.885307,185.941788
119.267494,186.080536
118.648689,186.214813
118.028946,186.344543
117.408287,186.469879
116.786766,186.590820
116.164421,186.707458
115.541260,186.819763
114.917320,186.927567
114.292595,187.030579
113.667137,187.129059
113.040993,187.223145
112.414215,187.312881
111.786804,187.398270
111.158813,187.479218
110.530243,187.555420
109.901154,187.627090
109.271553,187.694305
108.641495,187.757202
108.011017,187.815750
107.380135,187.869873
106.748894,187.919388
106.117302,187.964310
105.485405,188.004776
104.853241,188.040878
104.220840,188.072617
103.588226,188.099915
102.955444,188.122665
102.322510,188.141083
101.689461,188.155365
101.056305,188.165680
100.423080,188.172089
99.789825,188.174622
99.156548,188.173294
98.523300,188.167969
97.890015,188.160385
97.256706,188.151108
96.623375,188.140244
95.990044,188.128098
95.356689,188.114807
94.723335,188.100540
94.089989,188.085403
93.456627,188.070541
92.823273,188.056305
92.189903,188.042755
91.556511,188.030014
90.923134,188.018204
90.289742,188.007462
89.656357,187.997879
89.022980,187.989426
88.389595,187.982071
87.756241,187.975784
87.122871,187.970535
86.490311,187.966324
85.862549,187.963181
85.241783,187.961090
84.629532,187.960129
84.026970,187.959641
83.435089,187.959442
82.854668,187.959503
82.286354,187.959717
81.730637,187.960037
81.187927,187.960419
80.658531,187.960815
80.142677,187.961014
79.640556,187.960907
79.152275,187.960617
78.677902,187.960098
78.217453,187.959412
77.770943,187.958527
77.338318,187.957474
76.919518,187.956253
76.514450,187.954895
76.123009,187.953445
75.744911,187.951981
75.378891,187.950439
75.022530,187.948929
74.674850,187.947296
74.334862,187.945694
74.002419,187.944046
73.675613,187.942352
73.354546,187.940643
73.036690,187.938904
72.722343,187.937119
72.408813,187.935303
72.096619,187.933426
71.783371,187.931519
71.470230,187.929794
71.155205,187.927872
70.839264,187.926132
70.520226,187.924194
70.199173,187.922379
69.874374,187.920425
69.547310,187.918533
69.216713,187.916580
68.884270,187.914612
68.548943,187.912613
68.212448,187.910599
67.873917,187.908554
67.535027,187.906525
67.194946,187.904495
66.855301,187.902542
66.515251,187.900543
66.176384,187.898666
65.837830,187.896637
65.501060,187.894852
65.164955,187.892822
64.830772,187.891113
64.497223,187.889114
64.165474,187.887421
63.834126,187.885452
63.504292,187.883789
63.174484,187.881851
62.845860,187.880203
62.516850,187.878311
62.188641,187.876694
61.859676,187.874832
61.531174,187.873245
61.201641,187.871414
60.872337,187.869797
60.541836,187.867996
60.211464,187.866409
59.879871,187.864578
59.548420,187.863007
59.215828,187.861221
58.883492,187.859665
58.550175,187.857925
58.217258,187.856369
57.883533,187.854599
57.550365,187.853058
57.216545,187.851288
56.883423,187.849747
56.549770,187.848007
56.216908,187.846466
55.883587,187.844696
55.551105,187.843185
55.218193,187.841415
54.886127,187.839874
54.553608,187.838135
54.221912,187.836624
53.889706,187.834885
53.558273,187.833328
53.226276,187.831604
52.895000,187.830048
52.563080,187.828323
52.231827,187.826767
51.899876,187.825027
51.568542,187.823486
51.236488,187.821747
50.905018,187.820206
50.572796,187.818466
50.241150,187.816956
49.908768,187.815170
49.576973,187.813644
49.244446,187.811874
48.912518,187.810349
48.579895,187.808594
48.247894,187.807053
47.915218,187.805267
47.583199,187.803726
47.250515,187.801956
46.918507,187.800385
46.585865,187.798615
46.253906,187.797043
45.921322,187.795273
45.589798,187.788513
45.257977,187.775909
44.927044,187.759705
44.595642,187.739975
44.265125,187.717606
43.934166,187.692184
43.604088,187.664307
43.273586,187.633408
42.943989,187.600037
42.614014,187.563568
42.286674,187.518570
41.961185,187.462814
41.639042,187.396912
41.318531,187.321594
41.000595,187.238647
40.683907,187.147919
40.369770,187.050430
40.057045,186.945526
39.747108,186.834061
39.438946,186.715149
39.133987,186.589554
38.831394,186.456192
38.536156,186.311890
38.248611,186.154495
37.969872,185.985367
37.698082,185.804718
37.433647,185.614471
37.175438,185.414200
36.924557,185.205368
36.680359,184.987106
36.444099,184.760849
36.215443,184.525497
35.995773,184.282455
35.789616,184.029236
35.599773,183.766907
35.422878,183.495331
35.258202,183.216507
35.104538,182.929916
34.962120,182.637451
34.830425,182.338333
34.709835,182.034454
34.600109,181.725021
34.501595,181.411835
34.414242,181.094101
34.338352,180.773727
34.274090,180.449860
34.221733,180.124405
34.181683,179.796631
34.154289,179.468491
34.140308,179.139297
34.131187,178.809036
34.128624,178.477066
34.128201,178.144638
34.131027,177.810867
34.137974,177.477631
34.149872,177.143890
34.166416,176.811142
34.188126,176.478256
34.214504,176.146698
34.246109,175.815186
34.282433,175.485229
34.324158,175.155563
34.370857,174.827606
34.414631,174.498642
34.456070,174.169891
34.495308,173.840256
34.532581,173.511093
34.569271,173.181290
34.605125,172.852112
34.640877,172.522263
34.676003,172.192978
34.711128,171.862991
34.745678,171.533554
34.780239,171.203400
34.814232,170.873703
34.848221,170.543274
34.878399,170.213135
34.905865,169.882050
34.930904,169.551300
34.954384,169.219727
34.975948,168.888565
34.996220,168.556656
35.014729,168.225235
35.032032,167.893082
35.047638,167.561478
35.062057,167.229172
35.074791,166.897430
35.086311,166.565048
35.096096,166.233276
35.105206,165.900879
35.113216,165.569077
35.120586,165.236633
35.126873,164.904861
35.132587,164.572433
35.137295,164.240677
35.141502,163.908295
35.144783,163.576553
35.147633,163.244171
35.149624,162.912445
35.151241,162.580063
35.152054,162.248322
35.152542,161.915939
35.152271,161.584198
35.151714,161.251801
35.150440,160.920044
35.148907,160.587631
35.146690,160.255859
35.144234,159.923431
35.141109,159.591644
35.137756,159.259186
35.133743,158.927383
35.129505,158.594925
35.124599,158.263123
35.119442,157.930664
35.113586,157.598892
35.108624,157.266449
35.103970,156.934631
35.099800,156.602158
35.095596,156.270355
35.091740,155.937881
35.087788,155.606094
35.084152,155.273651
35.080402,154.941849
35.076965,154.609406
35.073372,154.277588
35.070156,153.945145
35.066807,153.613373
35.063904,153.280899
35.060902,152.949112
35.058464,152.616699
35.056076,152.284943
35.054115,151.952515
35.052109,151.620743
35.050537,151.288315
35.048920,150.956528
35.047756,150.624100
35.046444,150.292343
35.045502,149.959885
35.044529,149.628036
35.043957,149.295563
35.043343,148.963730
35.043018,148.631241
35.042542,148.299408
35.042374,147.966934
35.042072,147.635101
35.042080,147.302628
35.041950,146.970795
35.042130,146.638321
35.042168,146.306488
35.042511,145.974014
35.042721,145.642197
35.043236,145.309723
35.043606,144.977921
35.044285,144.645447
35.044830,144.313644
35.045540,143.981186
35.045982,143.649368
35.046638,143.316925
35.047073,142.985107
35.047741,142.652679
35.048187,142.320862
35.048862,141.988419
35.049324,141.656616
35.050014,141.324173
35.050484,140.992355
35.051186,140.659897
35.051670,140.328094
35.052387,139.995636
35.052818,139.663818
35.053429,139.331360
35.053783,138.999542
35.054337,138.667084
35.054646,138.335266
35.055161,138.002792
35.055435,137.670990
35.055916,137.338516
35.056160,137.006729
35.056610,136.674240
35.056824,136.342453
35.057247,136.009964
35.057430,135.678177
35.057827,135.345703
35.057987,135.013901
35.058357,134.681427
35.058495,134.349640
35.058838,134.017166
35.058945,133.685364
35.059265,133.352890
35.059353,133.021103
35.059654,132.688629
35.059727,132.356827
35.060017,132.024368
35.060074,131.692566
35.060345,131.360092
35.060387,131.028305
35.060642,130.695831
35.060673,130.364029
35.060921,130.031555
35.060936,129.699768
35.061169,129.367294
35.061172,129.035492
35.061390,128.703018
35.061382,128.371231
35.061596,128.038757
35.061588,127.706963
35.061806,127.374489
35.061802,127.042694
35.062019,126.710220
35.062008,126.378426
35.062225,126.045952
35.062218,125.714157
35.062431,125.381683
35.062424,125.049889
35.062630,124.717422
35.062622,124.385620
35.062828,124.053154
35.062820,123.721352
35.063034,123.388885
35.063030,123.057091
35.063251,122.724617
35.063248,122.392822
35.063465,122.060349
35.063465,121.728554
35.063686,121.396080
35.063690,121.064285
35.063915,120.731812
35.063919,120.400017
35.064148,120.067543
35.064152,119.735748
35.064381,119.403282
35.064388,119.071480
35.064621,118.739014
35.064632,118.407211
35.064869,118.074745
35.064877,117.742943
35.065113,117.410477
35.065125,117.078682
35.065361,116.746208
35.065380,116.414413
35.065620,116.081940
35.065639,115.750145
35.065880,115.417671
35.065903,115.085876
35.066143,114.753403
35.066162,114.421608
35.066406,114.089142
35.066425,113.757339
35.066669,113.424873
35.066692,113.093071
35.066936,112.760605
35.066956,112.428802
35.067200,112.096336
35.067226,111.764542
35.067471,111.432068
35.067497,111.100273
35.067745,110.767799
35.067772,110.436005
35.068020,110.103531
35.068047,109.771736
35.068291,109.439262
35.068314,109.107468
35.068558,108.774994
35.068584,108.443199
35.068829,108.110733
35.068848,107.778931
35.069092,107.446465
35.069118,107.114662
35.069363,106.782196
35.069386,106.450401
35.069630,106.117928
35.069656,105.786133
35.069904,105.453659
35.069931,105.121864
35.070175,104.789391
35.070198,104.457596
35.070442,104.125122
35.070465,103.793327
35.070709,103.460854
35.070736,103.129059
35.070980,102.796593
35.070999,102.464790
35.071243,102.132324
35.071266,101.800522
35.071510,101.468056
35.071533,101.136261
35.071777,100.803787
35.071804,100.471992
35.072048,100.139519
35.072071,99.807724
35.072315,99.475250
35.072334,99.143456
35.072578,98.810982
35.072598,98.479187
35.072842,98.146713
35.072865,97.814919
35.073109,97.482452
35.073132,97.150650
35.073376,96.818184
35.073399,96.486382
35.073643,96.153915
35.073666,95.822121
35.073910,95.489647
35.073929,95.157852
35.074173,94.825378
35.074192,94.493584
35.074436,94.161110
35.074459,93.829315
35.074703,93.496841
35.074722,93.165047
35.074966,92.832573
35.074986,92.500778
35.075230,92.168312
35.075253,91.836510
35.075497,91.504044
35.075516,91.172241
35.075760,90.839775
35.075779,90.507973
35.076023,90.175507
35.076046,89.843712
35.076290,89.511238
35.076309,89.179443
35.076553,88.846970
35.076572,88.515175
35.076817,88.182701
35.076839,87.850906
35.077084,87.518433
35.077106,87.186638
35.077351,86.854172
35.077374,86.522369
35.077618,86.189903
35.077637,85.858101
35.077881,85.525635
35.077900,85.193832
35.078144,84.861366
35.078163,84.529572
35.078407,84.197098
35.078430,83.865303
35.078674,83.532829
35.078697,83.201035
35.078941,82.868561
35.078960,82.536766
35.079205,82.204292
35.079227,81.872490
35.079472,81.540024
35.079491,81.208221
35.079735,80.875763
35.079754,80.543953
35.079998,80.211494
35.080017,79.879684
35.080261,79.547226
35.080284,79.215416
35.080528,78.882957
35.080551,78.551147
35.080795,78.218689
35.080818,77.886887
35.081062,77.554420
35.081089,77.222618
35.074787,76.890739
35.068790,76.559639
35.064976,76.227638
35.062084,75.896187
35.060123,75.564034
35.058437,75.232506
35.057350,74.900314
35.056370,74.568748
35.055923,74.236496
35.055550,73.904869
35.055691,73.572525
35.055908,73.240814
35.056656,72.908394
35.057129,72.576607
35.057800,72.244118
35.058296,71.912262
35.059086,71.579720
35.059734,71.247826
35.060684,70.915253
35.061497,70.583336
35.062618,70.250763
35.063595,69.918854
35.064873,69.586304
35.066006,69.254417
35.067451,68.921890
35.068752,68.590034
35.070370,68.257538
35.071602,67.925720
35.072945,67.593262
35.073997,67.261467
35.075226,66.929024
35.076195,66.597252
35.077354,66.264832
35.078259,65.933067
35.079361,65.600655
35.080212,65.268890
35.081261,64.936470
35.082058,64.604698
35.083050,64.272263
35.083790,63.940483
35.084675,63.608036
35.085270,63.276237
35.086040,62.943779
35.086544,62.611965
35.087219,62.279495
35.087639,61.947678
35.088238,61.615204
35.088577,61.283379
35.089108,60.950893
35.089371,60.619061
35.089821,60.286579
35.090012,59.954754
35.090389,59.622280
35.090500,59.290459
35.090828,58.957981
35.090923,58.626167
35.091221,58.293694
35.091282,57.961884
35.091549,57.629421
35.091572,57.297615
35.091805,56.965157
35.091797,56.633354
35.091991,56.300896
35.091949,55.969097
35.092117,55.636639
35.092041,55.304836
35.092175,54.972378
35.092094,54.640575
35.092243,54.308113
35.092175,53.976307
35.092327,53.643845
35.092258,53.312038
35.092407,52.979580
35.092335,52.647774
35.092484,52.315311
35.092411,51.983501
35.092560,51.651028
35.092484,51.319214
35.092628,50.986744
35.092552,50.654926
35.092693,50.322456
35.092625,49.990639
35.092789,49.658173
35.092731,49.326366
35.092903,48.993904
35.092861,48.662098
35.093040,48.329639
35.093002,47.997829
35.093189,47.665371
35.093163,47.333565
35.093357,47.001102
35.093334,46.669296
35.093540,46.336834
35.093525,46.005028
35.093739,45.672565
35.093731,45.340759
35.093948,45.008301
35.093948,44.676495
35.094173,44.344032
35.094177,44.012226
35.094406,43.679764
35.094414,43.347958
35.094646,43.015495
35.094662,42.683689
35.094906,42.351231
35.094925,42.019424
35.095177,41.686962
35.095203,41.355156
35.095451,41.022686
35.095474,40.690876
35.095726,40.358410
35.095753,40.026600
35.096004,39.694134
35.096031,39.362320
35.096279,39.029854
35.096310,38.698044
35.096558,38.365578
35.096592,38.033768
35.096844,37.701302
35.096878,37.369488
35.097134,37.037022
35.097168,36.705212
35.097420,36.372746
35.097446,36.040936
35.097698,35.708469
35.097725,35.376656
35.097977,35.044189
35.098003,34.712379
35.098255,34.379913
35.098282,34.048103
35.098534,33.715637
35.098560,33.383823
35.098812,33.051357
35.098839,32.719547
35.099091,32.387081
35.099117,32.055271
35.099365,31.722805
35.099392,31.390993
35.099644,31.058527
35.099670,30.726715
35.099915,30.394249
35.099941,30.062439
35.100185,29.729973
35.100212,29.398161
35.100456,29.065695
35.100479,28.733883
35.100723,28.401419
35.100750,28.069607
35.100994,27.737141
35.101013,27.405329
35.101261,27.072863
35.101280,26.741051
35.101524,26.408587
35.101543,26.076775
35.101788,25.744308
35.101807,25.412497
35.102051,25.080030
35.102074,24.748220
35.102318,24.415754
35.102337,24.083942
35.102581,23.751476
35.102600,23.419664
35.102749,23.087198
35.102596,22.755390
35.102615,22.422924
35.102364,22.091116
35.102303,21.758650
35.101986,21.426840
35.101856,21.094374
35.101482,20.762566
35.101299,20.430099
35.100864,20.098291
35.100628,19.765825
35.100147,19.434017
35.099869,19.101553
35.099342,18.769745
35.099014,18.437281
35.098450,18.105473
35.098083,17.773008
35.097481,17.441202
35.097080,17.108738
35.096436,16.776930
35.095997,16.444466
35.095314,16.112659
35.094837,15.780195
35.094116,15.448388
35.093372,15.115926
35.092201,14.784120
35.091103,14.451658
35.089661,14.119853
35.088326,13.787391
35.086670,13.455586
35.085129,13.123125
35.083275,12.791323
35.081543,12.458862
35.079494,12.127060
35.077576,11.794601
35.075344,11.462800
35.073231,11.130342
35.070805,10.798542
35.068531,10.466085
35.065968,10.134286
35.063557,9.801829
35.060867,9.470031
35.058331,9.137575
35.055515,8.805779
35.052856,8.473325
35.049927,8.141529
35.047150,7.809076
35.044102,7.477281
35.041218,7.144829
35.038055,6.813036
35.035049,6.480585
35.031765,6.148793
35.028728,5.816343
35.025482,5.484550
35.022453,5.152098
35.019199,4.820306
35.016155,4.487854
35.012878,4.156063
35.009808,3.823612
35.006512,3.491821
35.003418,3.159370
35.000095,2.827579
34.996979,2.495129
34.993637,2.163338
34.990501,1.830888
34.987179,1.499096
34.984097,1.166646
34.980808,0.834854
34.977749,0.502403
34.974480,0.170611
34.971436,-0.161840
34.968182,-0.493632
34.965153,-0.826083
34.961914,-1.157876
34.958900,-1.490327
34.955677,-1.822120
34.952679,-2.154571
34.949471,-2.486364
34.946484,-2.818815
34.943520,-3.150610
34.940968,-3.483064
34.938335,-3.814861
34.936024,-4.147317
34.933598,-4.479115
34.931473,-4.811572
34.929207,-5.143372
34.927238,-5.475830
34.925125,-5.807630
34.923294,-6.140090
34.921314,-6.471891
34.919617,-6.804353
34.917759,-7.136155
34.916183,-7.468616
34.914452,-7.800420
34.912987,-8.132881
34.911362,-8.464685
34.910007,-8.797149
34.908489,-9.128953
34.907242,-9.461416
34.905838,-9.793221
34.904705,-10.125685
34.903408,-10.457491
34.902763,-10.789956
34.902256,-11.121761
34.902237,-11.454226
34.902218,-11.786031
34.902630,-12.118496
34.903011,-12.450300
34.903805,-12.782761
34.904552,-13.114565
34.905708,-13.447026
34.906818,-13.778828
34.908329,-14.111287
34.909798,-14.443089
34.911678,-14.775548
34.913757,-15.107345
34.916428,-15.439795
34.919170,-15.771587
34.922405,-16.104034
34.925659,-16.435822
34.929379,-16.768263
34.933094,-17.100046
34.937260,-17.432484
34.941414,-17.764263
34.946018,-18.096697
34.950607,-18.428471
34.955647,-18.760895
34.960678,-19.092665
34.966175,-19.425083
34.971809,-19.756840
34.978001,-20.089247
34.984215,-20.420994
34.990894,-20.753393
34.997551,-21.085129
35.004639,-21.417519
35.011681,-21.749250
35.019127,-22.081631
35.026505,-22.413355
35.034283,-22.745729
35.041969,-23.077444
35.050037,-23.409811
35.058002,-23.741524
35.066341,-24.073881
35.074566,-24.405590
35.083153,-24.737944
35.091621,-25.069643
35.100441,-25.401991
35.109135,-25.733683
35.118179,-26.066027
35.127094,-26.397715
35.136360,-26.730051
35.145493,-27.061729
35.154980,-27.394060
35.164341,-27.725735
35.173870,-28.058062
35.183125,-28.389740
35.192608,-28.722067
35.201859,-29.053747
35.211365,-29.386076
35.220638,-29.717756
35.230171,-30.050083
35.239479,-30.381758
35.249043,-30.714087
35.258377,-31.045761
35.267967,-31.378086
35.277332,-31.709761
35.286949,-32.042088
35.296345,-32.373760
35.305908,-32.706089
35.315182,-33.037769
35.324654,-33.370098
35.333858,-33.701778
35.343277,-34.034111
35.352436,-34.365791
35.361813,-34.698120
35.370926,-35.029800
35.380264,-35.362137
35.389339,-35.693821
35.398636,-36.026157
35.407673,-36.357841
35.416927,-36.690182
35.425915,-37.021870
35.435120,-37.354206
35.444061,-37.685894
35.453220,-38.018234
35.462124,-38.349922
35.471252,-38.682259
35.480122,-39.013950
35.489216,-39.346287
35.498047,-39.677975
35.507107,-40.010315
35.515911,-40.342010
35.524937,-40.674351
35.533710,-41.006039
35.542706,-41.338383
35.551460,-41.670071
35.560452,-42.002411
35.569199,-42.334106
35.578182,-42.666443
35.586922,-42.998138
35.595894,-43.330479
35.604622,-43.662170
35.613586,-43.994511
35.622303,-44.326206
35.631252,-44.658543
35.639961,-44.990234
35.648903,-45.322578
35.657600,-45.654266
35.666531,-45.986610
35.675232,-46.318298
35.684174,-46.650642
35.692879,-46.982334
35.701832,-47.314678
35.710537,-47.646366
35.719490,-47.978710
35.728203,-48.310398
35.737156,-48.642742
35.745872,-48.974434
35.754829,-49.306778
35.763550,-49.638466
35.772503,-49.970810
35.781223,-50.302498
35.790188,-50.634842
35.798916,-50.966534
35.807888,-51.298874
35.816624,-51.630566
35.825596,-51.962910
35.834332,-52.294598
35.843311,-52.626942
35.852051,-52.958637
35.861038,-53.290974
35.869778,-53.622669
35.878765,-53.955009
35.887512,-54.286701
35.896503,-54.619041
35.905262,-54.950737
35.914253,-55.283073
35.923008,-55.614769
35.932007,-55.947109
35.940762,-56.278801
35.949764,-56.611141
35.958523,-56.942837
35.967525,-57.275173
35.976280,-57.606869
35.985279,-57.939209
35.994045,-58.270901
36.003048,-58.603241
36.011814,-58.934937
36.020821,-59.267273
36.029591,-59.598969
36.038589,-59.931309
36.047356,-60.263000
36.056358,-60.595341
36.065121,-60.927036
36.074123,-61.259373
36.082890,-61.591068
36.091892,-61.923409
36.100658,-62.255100
36.109661,-62.587440
36.118427,-62.919136
36.127430,-63.251472
36.136196,-63.583168
36.145206,-63.915508
36.153973,-64.247200
36.162975,-64.579536
36.171741,-64.911232
36.180740,-65.243576
36.189503,-65.575264
36.198505,-65.907608
36.207264,-66.239304
36.216267,-66.571640
36.225025,-66.903336
36.234028,-67.235672
36.242790,-67.567368
36.251793,-67.899704
36.260559,-68.231400
36.269558,-68.563736
36.278320,-68.895432
36.287319,-69.227776
36.296082,-69.559464
36.305084,-69.891808
36.313843,-70.223503
36.322845,-70.555840
36.331604,-70.887535
36.340607,-71.219872
36.349365,-71.551567
36.358368,-71.883904
36.367126,-72.215599
36.376129,-72.547935
36.384888,-72.879631
36.393890,-73.211967
36.402649,-73.543663
36.411652,-73.876007
36.420410,-74.207695
36.429413,-74.540039
36.438171,-74.871735
36.447174,-75.204071
36.455933,-75.535767
36.464939,-75.868103
36.473698,-76.199799
36.482700,-76.532135
36.491459,-76.863831
36.500462,-77.196167
36.509220,-77.527863
36.518223,-77.860207
36.526981,-78.191895
36.535984,-78.524239
36.544743,-78.855934
36.553745,-79.188271
36.562504,-79.519966
36.571507,-79.852303
36.580265,-80.183998
36.589268,-80.516335
36.598026,-80.848030
36.607029,-81.180367
36.615788,-81.512070
36.624790,-81.844414
36.633549,-82.176102
36.642551,-82.508446
36.651310,-82.840134
36.660313,-83.172478
36.669071,-83.504166
36.678074,-83.836510
36.686832,-84.168198
36.695835,-84.500542
36.704594,-84.832237
36.713596,-85.164581
36.722355,-85.496269
36.731358,-85.828613
36.740116,-86.160301
36.749119,-86.492645
36.757877,-86.824333
36.766880,-87.156677
36.775639,-87.488365
36.784641,-87.820709
36.793400,-88.152397
36.802399,-88.484741
36.811157,-88.816437
36.820156,-89.148781
36.828918,-89.480469
36.837917,-89.812813
36.846680,-90.144501
36.855679,-90.476845
36.864441,-90.808533
36.873440,-91.140877
36.882202,-91.472565
36.891201,-91.804909
36.899963,-92.136597
36.908962,-92.468941
36.917725,-92.800636
36.926723,-93.132973
36.935482,-93.464668
36.944481,-93.797012
36.953243,-94.128700
36.962238,-94.461044
36.970997,-94.792732
36.979996,-95.125076
36.988754,-95.456764
36.997749,-95.789108
37.006512,-96.120796
37.015507,-96.453140
37.024265,-96.784828
37.033264,-97.117172
37.042027,-97.448868
37.051025,-97.781212
37.059784,-98.112900
37.068787,-98.445244
37.077545,-98.776932
37.086548,-99.109276
37.095306,-99.440964
37.104309,-99.773308
37.106518,-100.104637
37.103382,-100.436485
37.096416,-100.767654
37.086834,-101.099449
37.074680,-101.430565
37.060638,-101.762283
37.044502,-102.093315
37.026817,-102.424965
37.007332,-102.755936
36.986542,-103.087547
36.964184,-103.418465
36.940723,-103.750031
36.915894,-104.080894
36.890133,-104.412384
36.863178,-104.743172
36.835445,-105.074577
36.806660,-105.405273
36.777222,-105.736557
36.746864,-106.067123
36.715969,-106.398300
36.684258,-106.728729
36.652103,-107.059746
36.619228,-107.390038
36.585999,-107.720909
36.552124,-108.051041
36.517960,-108.381775
36.483223,-108.711761
36.448257,-109.042374
36.412777,-109.372246
36.377113,-109.702744
36.340988,-110.032516
36.304722,-110.362938
36.268036,-110.692642
36.231247,-111.023003
36.194073,-111.352661
36.156826,-111.682983
36.119232,-112.012611
36.081593,-112.342896
36.043629,-112.672501
36.005638,-113.002762
35.967346,-113.332344
35.929058,-113.662598
35.890491,-113.992149
35.851936,-114.322372
35.813118,-114.651932
35.774334,-114.982155
35.735298,-115.311676
35.696312,-115.641876
35.657089,-115.971382
35.617920,-116.301552
35.578533,-116.631042
35.539207,-116.961189
35.499672,-117.290649
35.460213,-117.620781
35.420544,-117.950211
35.380962,-118.280312
35.341179,-118.609726
35.301487,-118.939812
35.261597,-119.269203
35.221802,-119.599274
35.181820,-119.928658
35.141937,-120.258720
35.101868,-120.588081
35.061897,-120.918114
35.021751,-121.247475
34.981705,-121.577515
34.941483,-121.906883
34.901367,-122.236908
34.861073,-122.566269
34.820889,-122.896294
34.780525,-123.225632
34.740276,-123.555641
34.699844,-123.884979
34.659527,-124.214989
34.619030,-124.544312
34.578640,-124.874321
34.544182,-125.203911
34.515060,-125.534569
34.489334,-125.864830
34.466576,-126.196022
34.446095,-126.526718
34.428001,-126.858238
34.411793,-127.189224
34.397705,-127.521034
34.385269,-127.852295
34.374779,-128.184357
34.365765,-128.515823
34.358551,-128.848099
34.352669,-129.179779
34.348473,-129.512207
34.345490,-129.844009
34.344097,-130.176544
34.343819,-130.508438
34.345058,-130.840988
34.347347,-131.172913
34.351105,-131.505478
34.355862,-131.837357
34.362068,-132.169876
34.369267,-132.501678
34.377934,-132.834091
34.387623,-133.165771
34.398865,-133.498077
34.409595,-133.829727
34.420456,-134.162018
34.431255,-134.493652
34.442589,-134.826157
34.454002,-135.157715
34.465988,-135.489822
34.478069,-135.821350
34.490730,-136.153549
34.503479,-136.485092
34.516811,-136.817276
34.530228,-137.148773
34.544231,-137.480911
34.558548,-137.811966
34.572037,-138.144379
34.585163,-138.476013
34.598282,-138.808212
34.610981,-139.139755
34.623795,-139.471924
34.636246,-139.803467
34.648846,-140.135666
34.661098,-140.467224
34.673504,-140.799423
34.685574,-141.131012
34.697796,-141.463242
34.709682,-141.794846
34.721714,-142.127106
34.733406,-142.458725
34.745026,-142.791016
34.756130,-143.122665
34.767265,-143.454941
34.777969,-143.786606
34.788754,-144.118912
34.799126,-144.450562
34.809589,-144.782883
34.819653,-145.114563
34.829811,-145.446869
34.839573,-145.778549
34.849426,-146.110870
34.858887,-146.442551
34.868435,-146.774887
34.877682,-147.106552
34.887108,-147.438889
34.896221,-147.770569
34.905491,-148.102890
34.914448,-148.434570
34.923569,-148.766891
34.932373,-149.098587
34.941345,-149.430908
34.950008,-149.762589
34.958828,-150.094955
34.967346,-150.426651
34.976028,-150.759003
34.984398,-151.090714
34.992928,-151.423065
35.001289,-151.754776
35.009945,-152.087128
35.018379,-152.418854
35.027065,-152.751205
35.035519,-153.082932
35.044209,-153.415283
35.052662,-153.746994
35.061356,-154.079346
35.069809,-154.411057
35.078503,-154.743408
35.086960,-155.075104
35.095654,-155.407455
35.104115,-155.739151
35.112808,-156.071503
35.121269,-156.403214
35.129971,-156.735565
35.138428,-157.067261
35.147129,-157.399612
35.155586,-157.731308
35.164288,-158.063675
35.172752,-158.395370
35.189758,-158.726562
35.214043,-159.056320
35.248699,-159.384903
35.293213,-159.710876
35.345455,-160.036377
35.403725,-160.360306
35.467941,-160.684052
35.537029,-161.006332
35.611355,-161.328491
35.689964,-161.649231
35.773342,-161.969833
35.860561,-162.289047
35.952171,-162.608078
36.047237,-162.925705
36.146358,-163.243057
36.248589,-163.558929
36.354572,-163.874451
36.463360,-164.188416
36.575649,-164.501953
36.690487,-164.813858
36.808617,-165.125244
36.929085,-165.434952
37.052704,-165.744080
37.178516,-166.051483
37.307388,-166.358215
37.438389,-166.663177
37.572453,-166.967392
37.708668,-167.269806
37.848068,-167.571365
37.981724,-167.874435
38.111607,-168.179886
38.232990,-168.487366
38.345436,-168.798157
38.448616,-169.110916
38.544762,-169.426361
38.634434,-169.743179
38.718967,-170.062180
38.797962,-170.382202
38.872330,-170.704208
38.941521,-171.027023
39.006310,-171.351669
39.066086,-171.676956
39.121529,-172.003922
39.172020,-172.331329
39.218132,-172.660233
39.259220,-172.989349
39.295734,-173.319748
39.326946,-173.650146
39.358116,-173.981583
39.388348,-174.312729
39.417309,-174.644730
39.444187,-174.976288
39.469414,-175.308548
39.492432,-175.640244
39.513779,-175.972580
39.532925,-176.304230
39.550404,-176.636505
39.565681,-176.968109
39.579250,-177.300262
39.590542,-177.631729
39.608635,-177.963043
39.632114,-178.293198
39.664680,-178.622498
39.706749,-178.949249
39.756283,-179.275497
39.811775,-179.600052
39.873344,-179.924286
39.940155,-180.246872
40.012833,-180.569061
40.090736,-180.889511
40.174702,-181.209335
40.269085,-181.524353
40.376160,-181.834793
40.497051,-182.137299
40.633148,-182.431915
40.784695,-182.715118
40.952351,-182.987366
41.133060,-183.250214
41.326366,-183.506088
41.530800,-183.754776
41.747059,-183.997925
41.974091,-184.234787
42.212639,-184.466339
42.461712,-184.691620
42.722015,-184.911240
42.992558,-185.124313
43.274010,-185.331223
43.565384,-185.531052
43.867279,-185.723999
44.178761,-185.909210
44.500324,-186.086624
44.831108,-186.255432
45.171497,-186.415329
45.520691,-186.565430
45.878956,-186.705078
46.245510,-186.833099
46.620464,-186.949051
47.003071,-187.053177
47.393303,-187.145828
47.790459,-187.226990
48.194363,-187.296600
48.604393,-187.354584
49.020279,-187.400711
49.441444,-187.434723
49.867538,-187.456253
50.297989,-187.464813
50.732281,-187.459778
51.169682,-187.440247
51.611710,-187.415039
52.058159,-187.383591
52.508972,-187.348999
52.964024,-187.311676
53.423050,-187.271027
53.885899,-187.227005
54.352440,-187.179581
54.822582,-187.128647
55.296215,-187.074112
55.773220,-187.015732
56.254032,-186.960556
56.738796,-186.909546
57.227478,-186.861984
57.720078,-186.817810
58.216545,-186.777054
58.716839,-186.739761
59.220882,-186.706055
59.728619,-186.676147
60.239971,-186.650330
60.754883,-186.628418
61.273285,-186.610214
61.795124,-186.595459
62.320332,-186.584000
62.848850,-186.575638
63.380627,-186.570251
63.915600,-186.567673
64.453712,-186.567764
64.994926,-186.570465
65.539192,-186.575653
66.086449,-186.583313
66.636665,-186.593475
67.189781,-186.606110
67.745758,-186.621384
68.304611,-186.637131
68.866348,-186.652832
69.430923,-186.668549
69.998314,-186.684158
70.568497,-186.699539
71.141426,-186.714645
71.717087,-186.729324
72.295456,-186.743546
72.876488,-186.756699
73.460167,-186.768631
74.046463,-186.779404
74.635345,-186.788956
75.226784,-186.797287
75.820747,-186.804337
76.417213,-186.810059
77.016136,-186.814331
0.000000,0.000000
0.000000,0.000000
0.000000,0.000000
0.000000,0.000000
0.000000,0.000000
0.000000,0.000000
0.000000,0.000000
0.000000,0.000000
0.000000,0.000000
0.000000,0.000000
0.000000,0.000000
0.000000,0.000000
0.000000,0.000000
0.000000,0.000000
0.000000,0.000000
0.000000,0.000000
0.000000,0.000000
0.000000,0.000000
0.000000,0.000000
0.000000,0.000000
0.000000,0.000000
0.000000,0.000000
0.000000,0.000000
0.000000,0.000000
0.000000,0.000000
0.000000,0.000000
0.000000,0.000000
0.000000,0.000000
0.000000,0.000000
0.000000,0.000000
0.000000,0.000000
0.000000,0.000000
0.000000,0.000000
0.000000,0.000000
0.000000,0.000000
0.000000,0.000000
0.000000,0.000000
0.000000,0.000000
0.000000,0.000000
0.000000,0.000000
0.000000,0.000000
0.000000,0.000000
0.000000,0.000000
0.000000,0.000000
0.000000,0.000000
0.000000,0.000000
0.000000,0.000000
0.000000,0.000000
0.000000,0.000000
0.000000,0.000000
0.000000,0.000000
0.000000,0.000000
0.000000,0.000000
0.000000,0.000000
0.000000,0.000000
0.000000,0.000000
0.000000,0.000000
0.000000,0.000000
