0.000000,0.000000
0.000000,0.000000
0.000000,0.000000
0.000000,0.000000
0.000000,0.000000
0.000000,0.000000
0.000000,0.000000
0.000000,0.000000
0.000000,0.000000
0.000000,0.000000
0.000000,0.000000
0.000000,0.000000
0.000000,0.000000
0.000000,0.000000
0.000000,0.000000
0.000000,0.000000
0.000000,0.000000
0.000000,0.000000
69.371284,-200.747086
69.371284,-200.747086
69.371284,-200.747086
69.371284,-200.747086
69.371284,-200.747086
69.371284,-200.747086
69.371284,-200.747086
69.371284,-200.747086
69.371284,-200.747086
69.371284,-200.747086
69.371284,-200.747086
69.371284,-200.747086
69.371284,-200.747086
69.371284,-200.747086
69.371284,-200.747086
69.371284,-200.747086
69.371284,-200.747086
69.371284,-200.747086
69.371284,-200.747086
69.371284,-200.747086
69.371284,-200.747086
69.371284,-200.747086
69.371284,-200.747086
69.371284,-200.747086
69.371284,-200.747086
69.371284,-200.747086
69.371284,-200.747086
69.371284,-200.747086
69.371284,-200.747086
69.371284,-200.747086
69.371284,-200.747086
69.371284,-200.747086
69.371284,-200.747086
69.371284,-200.747086
69.371284,-200.747086
69.371284,-200.747086
69.371284,-200.747086
69.371284,-200.747086
69.371284,-200.747086
69.371284,-200.747086
69.371284,-200.747086
69.371269,-200.747086
69.356827,-200.747009
69.321938,-200.746857
69.267967,-200.746643
69.196289,-200.746323
69.108238,-200.745956
69.005119,-200.745529
68.888161,-200.745041
68.758492,-200.744492
68.617126,-200.743896
68.464951,-200.743256
68.302727,-200.742569
68.131088,-200.741852
67.950592,-200.741089
67.761696,-200.740295
67.564781,-200.739471
67.360153,-200.738586
67.148087,-200.737686
66.928787,-200.736755
66.702454,-200.735794
66.469238,-200.734802
66.229271,-200.733780
65.982681,-200.732727
65.729561,-200.731674
65.470009,-200.730560
65.204201,-200.729446
64.931877,-200.728271
64.654411,-200.727112
64.369881,-200.725891
64.080322,-200.724670
63.783867,-200.723419
63.482475,-200.722122
63.174423,-200.720840
62.861492,-200.719513
62.542156,-200.718155
62.218193,-200.716766
61.888462,-200.715363
61.554882,-200.713959
61.216694,-200.712540
60.875877,-200.711075
60.531940,-200.709610
60.186855,-200.708145
59.840195,-200.706680
59.493828,-200.705215
59.147240,-200.703751
58.802090,-200.702286
58.457653,-200.700821
58.115360,-200.699356
57.774242,-200.697891
57.435562,-200.696457
57.098103,-200.695053
56.763020,-200.693649
56.428928,-200.692215
56.096905,-200.690857
55.765491,-200.689392
55.436024,-200.688080
55.107162,-200.686554
54.780067,-200.685303
54.453083,-200.683792
54.127274,-200.682541
53.800930,-200.681030
53.475140,-200.679779
53.148247,-200.678253
52.821426,-200.676987
52.493111,-200.675491
52.164577,-200.674179
51.834412,-200.672684
51.503983,-200.671356
51.171982,-200.669876
50.839848,-200.668549
50.506374,-200.667053
50.173016,-200.665741
49.839169,-200.657944
49.506035,-200.644760
49.172298,-200.627502
48.839378,-200.607239
48.506088,-200.583878
48.173820,-200.558136
47.841362,-200.529587
47.510044,-200.498886
47.178612,-200.465530
46.848358,-200.430069
46.518021,-200.391983
46.188862,-200.351883
45.859589,-200.309113
45.531487,-200.264221
45.205029,-200.210663
44.882011,-200.147263
44.561356,-200.073456
44.243793,-199.991226
43.927540,-199.901291
43.613705,-199.804932
43.300976,-199.701859
42.990574,-199.593063
42.681313,-199.477890
42.374439,-199.357300
42.068863,-199.230545
41.765850,-199.098526
41.464413,-198.960449
41.165855,-198.817139
40.869301,-198.667694
40.576092,-198.512985
40.289253,-198.347885
40.011063,-198.172318
39.738472,-197.987442
39.471706,-197.795303
39.209503,-197.595520
38.952663,-197.389679
38.700272,-197.176956
38.453178,-196.958817
38.210606,-196.734299
37.973400,-196.504776
37.740894,-196.269241
37.513939,-196.029022
37.291988,-195.783035
37.075916,-195.532684
36.865356,-195.276688
36.661247,-195.016434
36.464340,-194.750198
36.274540,-194.479782
36.090694,-194.204376
35.912979,-193.925644
35.740791,-193.642532
35.574417,-193.356674
35.413433,-193.066849
35.258121,-192.774643
35.108158,-192.478806
34.963833,-192.180908
34.824940,-191.879639
34.691772,-191.576553
34.564262,-191.270325
34.442764,-190.962463
34.327412,-190.651611
34.215061,-190.340012
34.105686,-190.026337
33.999771,-189.712112
33.897362,-189.395889
33.798473,-189.079239
33.703060,-188.760818
33.611065,-188.442062
33.522476,-188.121643
33.437218,-187.801025
33.355339,-187.478867
33.276772,-187.156616
33.201641,-186.832901
33.129910,-186.509171
33.061821,-186.184006
32.997456,-185.858856
32.936531,-185.532364
32.878513,-185.206055
32.823364,-184.878525
32.770706,-184.551239
32.720623,-184.222855
32.672752,-183.894760
32.627228,-183.565628
32.583702,-183.236847
32.542339,-182.907089
32.502792,-182.577744
32.465256,-182.247452
32.429379,-181.917648
32.395390,-181.586945
32.362938,-181.256729
32.332272,-180.925644
32.303043,-180.595108
32.275539,-180.263748
32.249409,-179.932968
32.224972,-179.601349
32.201878,-179.270340
32.180481,-178.938568
32.160450,-178.607376
32.142185,-178.275452
32.124729,-177.944122
32.108421,-177.612061
32.092922,-177.280640
32.078602,-176.948517
32.065060,-176.617004
32.052654,-176.284805
32.040981,-175.953232
32.030415,-175.620987
32.020546,-175.289352
32.011761,-174.957047
32.003666,-174.625366
31.996666,-174.292999
31.990374,-173.961288
31.985229,-173.628906
31.979469,-173.297165
31.973671,-172.964737
31.967670,-172.632980
31.961985,-172.300568
31.956238,-171.968781
31.950857,-171.636337
31.945427,-171.304565
31.940371,-170.972107
31.935268,-170.640305
31.930538,-170.307846
31.925760,-169.976074
31.921362,-169.643646
31.916922,-169.311859
31.912128,-168.979431
31.906683,-168.647675
31.901186,-168.315247
31.895267,-167.983505
31.889395,-167.651093
31.883162,-167.319351
31.876999,-166.986954
31.870495,-166.655212
31.864077,-166.322784
31.857330,-165.991074
31.850674,-165.658691
31.843695,-165.326950
31.836815,-164.994583
31.829624,-164.662842
31.822531,-164.330460
31.815126,-163.998749
31.807821,-163.666351
31.800201,-163.334641
31.792683,-163.002258
31.784843,-162.670532
31.777090,-162.338165
31.769012,-162.006454
31.761044,-161.674088
31.752775,-161.342377
31.744623,-161.010010
31.736179,-160.678299
31.727850,-160.345932
31.719231,-160.014252
31.710733,-159.681870
31.701952,-159.350189
31.693291,-159.017838
31.684340,-158.686142
31.675510,-158.353821
31.666479,-158.022141
31.657650,-157.689804
31.648598,-157.358124
31.639729,-157.025787
31.630625,-156.694092
31.621698,-156.361771
31.612541,-156.030090
31.603559,-155.697754
31.594347,-155.366074
31.585314,-155.033737
31.576050,-154.702057
31.566961,-154.369720
31.557648,-154.038040
31.548510,-153.705704
31.539206,-153.374023
31.530136,-153.041687
31.520880,-152.710007
31.511837,-152.377686
31.502598,-152.045990
31.493570,-151.713669
31.484343,-151.381973
31.475327,-151.049652
31.466112,-150.717972
31.457109,-150.385635
31.447905,-150.053955
31.438913,-149.721634
31.429722,-149.389954
31.420755,-149.057617
31.411606,-148.725937
31.402672,-148.393600
31.393551,-148.061920
31.384644,-147.729568
31.375542,-147.397888
31.366657,-147.065536
31.357574,-146.733856
31.348707,-146.401505
31.339647,-146.069824
31.330801,-145.737473
31.321760,-145.405792
31.312933,-145.073441
31.303913,-144.741760
31.295101,-144.409409
31.286089,-144.077728
31.277283,-143.745361
31.268276,-143.413681
31.259478,-143.081329
31.250479,-142.749649
31.241690,-142.417297
31.232697,-142.085617
31.223915,-141.753265
31.214933,-141.421585
31.206160,-141.089233
31.197184,-140.757553
31.188417,-140.425217
31.179447,-140.093521
31.170689,-139.761185
31.161728,-139.429489
31.152971,-139.097153
31.144011,-138.765457
31.135260,-138.433105
31.126310,-138.101425
31.117567,-137.769073
31.108616,-137.437393
31.099867,-137.105042
31.090912,-136.773361
31.082157,-136.441010
31.073200,-136.109329
31.064447,-135.776978
31.055490,-135.445297
31.046736,-135.112946
31.037775,-134.781265
31.029020,-134.448914
31.020063,-134.117218
31.011309,-133.784882
31.002348,-133.453186
30.993593,-133.120850
30.984631,-132.789154
30.975870,-132.456818
30.966904,-132.125122
30.958141,-131.792786
30.949175,-131.461090
30.940413,-131.128754
30.931442,-130.797058
30.922674,-130.464706
30.913700,-130.133026
30.904934,-129.800674
30.895958,-129.468994
30.887190,-129.136642
30.878214,-128.804962
30.869442,-128.472610
30.860466,-128.140930
30.851690,-127.808578
30.842712,-127.476891
30.833937,-127.144547
30.824953,-126.812859
30.816179,-126.480515
30.807194,-126.148827
30.798418,-125.816483
30.789434,-125.484795
30.780659,-125.152451
30.771673,-124.820763
30.762896,-124.488419
30.753912,-124.156723
30.745136,-123.824379
30.736151,-123.492691
30.727373,-123.160347
30.718388,-122.828659
30.709606,-122.496315
30.700624,-122.164627
30.691843,-121.832283
30.682858,-121.500595
30.674076,-121.168251
30.665092,-120.836563
30.656311,-120.504219
30.647326,-120.172523
30.638544,-119.840179
30.629560,-119.508492
30.620779,-119.176147
30.611794,-118.844460
30.603012,-118.512115
30.594028,-118.180428
30.585245,-117.848083
30.576262,-117.516396
30.567482,-117.184052
30.558498,-116.852364
30.549719,-116.520020
30.540733,-116.188324
30.531956,-115.855988
30.522970,-115.524292
30.514194,-115.191948
30.505209,-114.860260
30.496433,-114.527916
30.487448,-114.196228
30.478668,-113.863884
30.469687,-113.532196
30.460905,-113.199852
30.451923,-112.868164
30.443144,-112.535820
30.434160,-112.204132
30.425381,-111.871788
30.416399,-111.540092
30.407619,-111.207748
30.398638,-110.876060
30.389858,-110.543716
30.380873,-110.212029
30.372097,-109.879684
30.363111,-109.547997
30.354336,-109.215652
30.345350,-108.883965
30.336575,-108.551620
30.327589,-108.219933
30.318813,-107.887589
30.309828,-107.555893
30.301052,-107.223549
30.292067,-106.891861
30.283287,-106.559517
30.266623,-106.228828
30.243418,-105.898087
30.215656,-105.568321
30.184610,-105.238144
30.150522,-104.908836
30.114019,-104.579079
30.075033,-104.250145
30.034042,-103.920731
29.990915,-103.592125
29.946062,-103.263008
29.899353,-102.934692
29.851154,-102.605835
29.801340,-102.277779
29.750250,-101.949203
29.697746,-101.621437
29.644152,-101.293152
29.589321,-100.965691
29.533560,-100.637711
29.476713,-100.310577
29.419077,-99.982918
29.360495,-99.656105
29.301239,-99.328789
29.241154,-99.002312
29.180492,-98.675323
29.119099,-98.349159
29.057217,-98.022469
28.994686,-97.696602
28.931742,-97.370171
28.868217,-97.044556
28.804338,-96.718361
28.739943,-96.392944
28.675243,-96.066940
28.610077,-95.741707
28.544653,-95.415848
28.478806,-95.090729
28.412737,-94.764992
28.346289,-94.439972
28.279646,-94.114311
28.212656,-93.789383
28.145504,-93.463799
28.078037,-93.138947
28.010431,-92.813423
27.942533,-92.488625
27.874523,-92.163170
27.806240,-91.838425
27.737864,-91.513046
27.669235,-91.188370
27.600527,-90.863045
27.531584,-90.538437
27.462578,-90.213181
27.393347,-89.888641
27.324062,-89.563454
27.254564,-89.238983
27.185020,-88.913857
27.115274,-88.589455
27.045485,-88.264389
26.975498,-87.940048
26.905470,-87.615044
26.835243,-87.290756
26.764977,-86.965805
26.694504,-86.641586
26.623981,-86.316696
26.560616,-85.991661
26.503649,-85.664963
26.450937,-85.338219
26.401762,-85.010216
26.355488,-84.682426
26.312075,-84.353516
26.271105,-84.024910
26.232702,-83.695236
26.196493,-83.365891
26.162661,-83.035522
26.130838,-82.705551
26.101254,-82.374588
26.073538,-82.044052
26.047949,-81.712578
26.024118,-81.381592
26.002346,-81.049736
25.982269,-80.718414
25.964220,-80.386276
25.947842,-80.054718
25.933510,-79.722397
25.920891,-79.390694
25.910427,-79.058281
25.899931,-78.726509
25.889944,-78.394058
25.880367,-78.062271
25.871706,-77.729828
25.863571,-77.398071
25.856384,-77.065651
25.849724,-76.733925
25.843994,-76.401543
25.838772,-76.069839
25.834475,-75.737473
25.830675,-75.405777
25.827814,-75.073418
25.825474,-74.741730
25.824116,-74.409363
25.821707,-74.077652
25.818893,-73.745270
25.815578,-73.413536
25.812313,-73.081123
25.808727,-72.749359
25.805281,-72.416924
25.801552,-72.085144
25.797976,-71.752693
25.794132,-71.420891
25.790442,-71.088432
25.786486,-70.756615
25.782682,-70.424141
25.778608,-70.092331
25.774221,-69.759865
25.769182,-69.428062
25.764038,-69.095612
25.758410,-68.763840
25.752747,-68.431404
25.746639,-68.099648
25.740524,-67.767227
25.733982,-67.435486
25.727438,-67.103088
25.720472,-66.771362
25.713505,-66.438980
25.706123,-66.107262
25.698727,-65.774895
25.690903,-65.443192
25.683163,-65.110825
25.675097,-64.779121
25.667107,-64.446770
25.658781,-64.115067
25.650532,-63.782715
25.641953,-63.451023
25.633453,-63.118675
25.624630,-62.786987
25.615892,-62.454636
25.606831,-62.122952
25.597853,-61.790604
25.588549,-61.458920
25.579325,-61.126579
25.569942,-60.794903
25.560795,-60.462551
25.551435,-60.130871
25.542267,-59.798531
25.532875,-59.466850
25.523659,-59.134506
25.514217,-58.802822
25.504955,-58.470486
25.495466,-58.138817
25.486156,-57.806484
25.476618,-57.474808
25.467260,-57.142475
25.457678,-56.810810
25.448273,-56.478474
25.438732,-56.146809
25.429451,-55.814476
25.419996,-55.482807
25.410774,-55.150471
25.401369,-54.818802
25.392185,-54.486473
25.382816,-54.154804
25.373669,-53.822464
25.364336,-53.490784
25.355219,-53.158440
25.345921,-52.826763
25.336840,-52.494423
25.327578,-52.162739
25.318546,-51.830399
25.309336,-51.498718
25.300356,-51.166370
25.291191,-50.834690
25.282248,-50.502342
25.273117,-50.170662
25.264212,-49.838318
25.255114,-49.506634
25.246241,-49.174286
25.237179,-48.842602
25.228340,-48.510254
25.219311,-48.178570
25.210505,-47.846218
25.201513,-47.514534
25.192724,-47.182190
25.183735,-46.850506
25.174953,-46.518158
25.165974,-46.186474
25.157204,-45.854126
25.148237,-45.522442
25.139484,-45.190090
25.130527,-44.858406
25.121784,-44.526058
25.112841,-44.194374
25.104111,-43.862026
25.095181,-43.530342
25.086464,-43.197990
25.077534,-42.866306
25.068808,-42.533958
25.059872,-42.202274
25.051140,-41.869926
25.042200,-41.538242
25.033466,-41.205894
25.024527,-40.874203
25.015793,-40.541851
25.006853,-40.210163
24.998119,-39.877811
24.989180,-39.546124
24.980446,-39.213772
24.971506,-38.882080
24.962772,-38.549732
24.953831,-38.218040
24.945086,-37.885689
24.936134,-37.554001
24.927382,-37.221649
24.918423,-36.889961
24.909670,-36.557606
24.900713,-36.225918
24.891953,-35.893566
24.882988,-35.561878
24.874228,-35.229527
24.865261,-34.897839
24.856497,-34.565487
24.847528,-34.233799
24.838762,-33.901451
24.829790,-33.569763
24.821022,-33.237415
24.812046,-32.905727
24.803276,-32.573380
24.794302,-32.241692
24.785524,-31.909342
24.776546,-31.577656
24.767771,-31.245306
24.758789,-30.913620
24.750011,-30.581272
24.741030,-30.249584
24.732252,-29.917236
24.723270,-29.585548
24.714491,-29.253201
24.705507,-28.921513
24.696726,-28.589165
24.687740,-28.257477
24.678957,-27.925129
24.670036,-27.593439
24.661371,-27.261087
24.652538,-26.929399
24.643942,-26.597046
24.635168,-26.265356
24.626623,-25.933002
24.617897,-25.601309
24.609402,-25.268950
24.600725,-24.937252
24.592276,-24.604895
24.583645,-24.273195
24.575247,-23.940836
24.566662,-23.609140
24.558310,-23.276781
24.550314,-22.945072
24.542978,-22.612692
24.535744,-22.280970
24.528971,-21.948574
24.522207,-21.616840
24.515852,-21.284437
24.509470,-20.952698
24.503473,-20.620287
24.497433,-20.288540
24.491760,-19.956127
24.486023,-19.624371
24.480639,-19.291950
24.475180,-18.960188
24.470062,-18.627764
24.464857,-18.295998
24.459988,-17.963568
24.455021,-17.631796
24.450380,-17.299364
24.445642,-16.967590
24.441223,-16.635153
24.436697,-16.303375
24.432491,-15.970935
24.428179,-15.639153
24.424187,-15.306711
24.420090,-14.974929
24.416317,-14.642485
24.407331,-14.311059
24.394178,-13.979180
24.377777,-13.648083
24.358992,-13.316469
24.337709,-12.985646
24.314417,-12.654312
24.288818,-12.323781
24.261282,-11.992750
24.231459,-11.662539
24.199656,-11.331848
24.165485,-11.002012
24.123188,-10.673303
24.070768,-10.347502
24.007168,-10.024154
23.932949,-9.704398
23.849855,-9.386290
23.758596,-9.070960
23.659563,-8.757169
23.552893,-8.446308
23.438602,-8.137285
23.316669,-7.831605
23.186859,-7.528315
23.045267,-7.232543
22.890381,-6.944554
22.721399,-6.668111
22.537487,-6.403464
22.339880,-6.151872
22.129082,-5.911017
21.906921,-5.680809
21.673388,-5.459837
21.429905,-5.249089
21.176107,-5.047863
20.913433,-4.857403
20.641413,-4.677362
20.361595,-4.509045
20.073507,-4.352394
19.778835,-4.208747
19.477140,-4.078375
19.170258,-3.959598
18.857729,-3.851479
18.541426,-3.754415
18.220798,-3.668070
17.897739,-3.592561
17.571581,-3.527700
17.244223,-3.473386
16.914843,-3.429609
16.585270,-3.396111
16.254551,-3.373062
15.924432,-3.360137
15.593891,-3.357695
15.264641,-3.365430
14.935662,-3.383937
14.608695,-3.413019
14.280283,-3.445112
13.952255,-3.481024
13.622683,-3.515741
13.293062,-3.549801
12.962575,-3.585275
12.632736,-3.622224
12.302365,-3.661496
11.972819,-3.702622
11.642868,-3.746226
11.313832,-3.791724
10.984488,-3.839745
10.656140,-3.889703
10.327577,-3.942286
9.999123,-3.989312
9.669445,-4.032077
9.340055,-4.071853
9.009861,-4.109914
8.680162,-4.146028
8.349752,-4.180949
8.019874,-4.214186
7.689283,-4.246369
7.359215,-4.276952
7.028413,-4.306517
6.698118,-4.334502
6.367070,-4.361452
6.036515,-4.386786
5.705194,-4.411001
5.374333,-4.432311
5.042673,-4.451580
4.711490,-4.468687
4.379542,-4.484317
4.048108,-4.498073
3.715935,-4.510512
3.384308,-4.521187
3.051968,-4.530612
2.720204,-4.538322
2.387753,-4.544797
2.055909,-4.549560
1.723404,-4.553053
1.391533,-4.554775
1.058997,-4.556448
0.727092,-4.557528
0.394544,-4.558262
0.062657,-4.558145
-0.269863,-4.557606
-0.601712,-4.556204
-0.934191,-4.554389
-1.265995,-4.551730
-1.598431,-4.548674
-1.930192,-4.544790
-2.262588,-4.540509
-2.594311,-4.535398
-2.926673,-4.529871
-3.258363,-4.523482
-3.590726,-4.517912
-3.922448,-4.512574
-4.254840,-4.507630
-4.586578,-4.502562
-4.918983,-4.497749
-5.250731,-4.492747
-5.583146,-4.487972
-5.914905,-4.482996
-6.247331,-4.478240
-6.579102,-4.473282
-6.911536,-4.468545
-7.243314,-4.463604
-7.575756,-4.458885
-7.907543,-4.454378
-8.239996,-4.450436
-8.571793,-4.446529
-8.904251,-4.443044
-9.236051,-4.439529
-9.568509,-4.436402
-9.900308,-4.433225
-10.232766,-4.430425
-10.564566,-4.427567
-10.897024,-4.425082
-11.228819,-4.422536
-11.561275,-4.420364
-11.893073,-4.418136
-12.225529,-4.416290
-12.557325,-4.414347
-12.889780,-4.412737
-13.221578,-4.411022
-13.554036,-4.409636
-13.885835,-4.408140
-14.218293,-4.406968
-14.550097,-4.405680
-14.882556,-4.404712
-15.214360,-4.403625
-15.546823,-4.402856
-15.878629,-4.401968
-16.211094,-4.401400
-16.542900,-4.400714
-16.875366,-4.400226
-17.207176,-4.399504
-17.539642,-4.399016
-17.871454,-4.398328
-18.203920,-4.397887
-18.535730,-4.397248
-18.868196,-4.396858
-19.200006,-4.396272
-19.532475,-4.395931
-19.864283,-4.395395
-20.196749,-4.395105
-20.528559,-4.394619
-20.861027,-4.394382
-21.192837,-4.393948
-21.525303,-4.393683
-21.857111,-4.393155
-22.189579,-4.392824
-22.521387,-4.392255
-22.853855,-4.391893
-23.185661,-4.391299
-23.518129,-4.390913
-23.849936,-4.390296
-24.182404,-4.389890
-24.514212,-4.389251
-24.846680,-4.388824
-25.178486,-4.388165
-25.510954,-4.387716
-25.842760,-4.387016
-26.175228,-4.386512
-26.507036,-4.385768
-26.839504,-4.385229
-27.171310,-4.384455
-27.503778,-4.383888
-27.835585,-4.383087
-28.168053,-4.382496
-28.499861,-4.381673
-28.832329,-4.381061
-29.164135,-4.380217
-29.496603,-4.379585
-29.828409,-4.378723
-30.160879,-4.378073
-30.492685,-4.377195
-30.825153,-4.376529
-31.156960,-4.375634
-31.489428,-4.374953
-31.821234,-4.374044
-32.153702,-4.373349
-32.485508,-4.372427
-32.817978,-4.371717
-33.149784,-4.370781
-33.482254,-4.370059
-33.814060,-4.369110
-34.146526,-4.368373
-34.478333,-4.367421
-34.810802,-4.366691
-35.142609,-4.365741
-35.475075,-4.365009
-35.806965,-4.363739
-36.139477,-4.363080
-36.471279,-4.362270
-36.803768,-4.362140
-37.135536,-4.361190
-37.467762,-4.360209
-37.799229,-4.359163
-38.131325,-4.358403
-38.462681,-4.357343
-38.794777,-4.356606
-39.125923,-4.355732
-39.457375,-4.355174
-39.787846,-4.354470
-40.119236,-4.353576
-40.450218,-4.352547
-40.782059,-4.351772
-41.113403,-4.350811
-41.445213,-4.350044
-41.776016,-4.349323
-42.108246,-4.348700
-42.440037,-4.347441
-42.772575,-4.346561
-43.104530,-4.345568
-43.437191,-4.344798
-43.769356,-4.343609
-44.102139,-4.343084
-44.434204,-4.342270
-44.766705,-4.341730
-45.098465,-4.340755
-45.431004,-4.339942
-45.762932,-4.338989
-46.095539,-4.338351
-46.427376,-4.337316
-46.759773,-4.336623
-47.091595,-4.335810
-47.424088,-4.335166
-47.755917,-4.334276
-48.088383,-4.333595
-48.420181,-4.332686
-48.752617,-4.331996
-49.084389,-4.331084
-49.416809,-4.330392
-49.748577,-4.329478
-50.081005,-4.328784
-50.412781,-4.327869
-50.745228,-4.327174
-51.077026,-4.326259
-51.409485,-4.325562
-51.741302,-4.324646
-52.073784,-4.323949
-52.405621,-4.323031
-52.738117,-4.322333
-53.069973,-4.321414
-53.402489,-4.320714
-53.734348,-4.319794
-54.066868,-4.319095
-54.398735,-4.318173
-54.731255,-4.317473
-55.063114,-4.316551
-55.395630,-4.315851
-55.727486,-4.314929
-56.059990,-4.314229
-56.391834,-4.313307
-56.724335,-4.312606
-57.055897,-4.311703
-57.387852,-4.310972
-57.719521,-4.310063
-58.052288,-4.309380
-58.384758,-4.308471
-58.718063,-4.307794
-59.050751,-4.306874
-59.383957,-4.306196
-59.716454,-4.305293
-60.050362,-4.304591
-60.383789,-4.303654
-60.717564,-4.302961
-61.050251,-4.302042
-61.383171,-4.301351
-61.715038,-4.300435
-62.047333,-4.299744
-62.378857,-4.298827
-62.710979,-4.298131
-63.042416,-4.297213
-63.374516,-4.296515
-63.705967,-4.295595
-64.038086,-4.294896
-64.369591,-4.293976
-64.701797,-4.293275
-65.033371,-4.292355
-65.365669,-4.291654
-65.697350,-4.290733
-66.029747,-4.290031
-66.361534,-4.289111
-66.694016,-4.288408
-67.025879,-4.287487
-67.358429,-4.286785
-67.690338,-4.285863
-68.022926,-4.285161
-68.354858,-4.284239
-68.687447,-4.283538
-69.019379,-4.282616
-69.351959,-4.281914
-69.683861,-4.280992
-70.016403,-4.280291
-70.348267,-4.279368
-70.680779,-4.278668
-71.012604,-4.277746
-71.345070,-4.277046
-71.676872,-4.276124
-72.009308,-4.275424
-72.341080,-4.274503
-72.673492,-4.273804
-73.005249,-4.272884
-73.337662,-4.272185
-73.669426,-4.271266
-74.001839,-4.270566
-74.333603,-4.269647
-74.666031,-4.268947
-74.997803,-4.268028
-75.330254,-4.267328
-75.662041,-4.266409
-75.994499,-4.265710
-76.326302,-4.264791
-76.658775,-4.264092
-76.990593,-4.263174
-77.323074,-4.262475
-77.654900,-4.261558
-77.987389,-4.260860
-78.319214,-4.259941
-78.651711,-4.259243
-78.983536,-4.258325
-79.316010,-4.257626
-79.647827,-4.256707
-79.980309,-4.256009
-80.312119,-4.255091
-80.644592,-4.254393
-80.976402,-4.253474
-81.308861,-4.252777
-81.640671,-4.251858
-81.973114,-4.251161
-82.304916,-4.250243
-82.637360,-4.249544
-82.969170,-4.248625
-83.301613,-4.247927
-83.633415,-4.247009
-83.965858,-4.246310
-84.297661,-4.245391
-84.630104,-4.244693
-84.961914,-4.243774
-85.294373,-4.243077
-85.626183,-4.242158
-85.958641,-4.241460
-86.290451,-4.240543
-86.622910,-4.239845
-86.954712,-4.238926
-87.287186,-4.238228
-87.618996,-4.237309
-87.951462,-4.236611
-88.283272,-4.235692
-88.615738,-4.234994
-88.947548,-4.234075
-89.280014,-4.233377
-89.611824,-4.232458
-89.944283,-4.231760
-90.276093,-4.230842
-90.608551,-4.230144
-90.940361,-4.229227
-91.272820,-4.228529
-91.604630,-4.227610
-91.937088,-4.226912
-92.268898,-4.225993
-92.601357,-4.225295
-92.933159,-4.224376
-93.265625,-4.223678
-93.597427,-4.222759
-93.929893,-4.222061
-94.261696,-4.221142
-94.594154,-4.220444
-94.925964,-4.219526
-95.258423,-4.218828
-95.590233,-4.217910
-95.922691,-4.217213
-96.254501,-4.216294
-96.586960,-4.215596
-96.918770,-4.214677
-97.251228,-4.213979
-97.583038,-4.213060
-97.915497,-4.212362
-98.247299,-4.211443
-98.579765,-4.210744
-98.911568,-4.209826
-99.244034,-4.209128
-99.575836,-4.208210
-99.908302,-4.207512
-100.240105,-4.206594
-100.572563,-4.205897
-100.904373,-4.204978
-101.236832,-4.204280
-101.568642,-4.203362
-101.901100,-4.202663
-102.232910,-4.201745
-102.565369,-4.201046
-102.897179,-4.200128
-103.229637,-4.199429
-103.561440,-4.198511
-103.893906,-4.197813
-104.225708,-4.196894
-104.558174,-4.196196
-104.889977,-4.195277
-105.222443,-4.194579
-105.554245,-4.193659
-105.886703,-4.192960
-106.218513,-4.192041
-106.550972,-4.191342
-106.882782,-4.190423
-107.215240,-4.189724
-107.547050,-4.188805
-107.879509,-4.188106
-108.211319,-4.187188
-108.543777,-4.186489
-108.875580,-4.185571
-109.208046,-4.184873
-109.539848,-4.183954
-109.872314,-4.183255
-110.204117,-4.182336
-110.536583,-4.181637
-110.868385,-4.180718
-111.200844,-4.180019
-111.532654,-4.179100
-111.865112,-4.178401
-112.196922,-4.177483
-112.529381,-4.176785
-112.861191,-4.175866
-113.193649,-4.175169
-113.525459,-4.174251
-113.857918,-4.173553
-114.189728,-4.172635
-114.522186,-4.171936
-114.853981,-4.171017
-115.186455,-4.170319
-115.518250,-4.169401
-115.850723,-4.168702
-116.182526,-4.167783
-116.514984,-4.167085
-116.846794,-4.166167
-117.179253,-4.165468
-117.511063,-4.164550
-117.843521,-4.163852
-118.175331,-4.162934
-118.507790,-4.162238
-118.839584,-4.161331
-119.171402,-4.167152
-119.501755,-4.181108
-119.830864,-4.206340
-120.156898,-4.243525
-120.479744,-4.295124
-120.797264,-4.361588
-121.108963,-4.444896
-121.412399,-4.545237
-121.706680,-4.664065
-121.989090,-4.801192
-122.258392,-4.957459
-122.511612,-5.132135
-122.747276,-5.325357
-122.962196,-5.535652
-123.157829,-5.762603
-123.335175,-6.004059
-123.497147,-6.260027
-123.643600,-6.528347
-123.775444,-6.809273
-123.891655,-7.100573
-123.992409,-7.402412
-124.076698,-7.712368
-124.144424,-8.030372
-124.194878,-8.353848
-124.228004,-8.682514
-124.243431,-9.013751
-124.241127,-9.347162
-124.221138,-9.680183
-124.183456,-10.012418
-124.128426,-10.341423
-124.056000,-10.666870
-123.966774,-10.986443
-123.860558,-11.299858
-123.738052,-11.604836
-123.604774,-11.907135
-123.461121,-12.204212
-123.311172,-12.500287
-123.154755,-12.792648
-122.995834,-13.085295
-122.833984,-13.375919
-122.673492,-13.668254
-122.513786,-13.960371
-122.359627,-14.255491
-122.210342,-14.552035
-122.068474,-14.851804
-121.936119,-15.154119
-121.815132,-15.460066
-121.707359,-15.768588
-121.609802,-16.080458
-121.521385,-16.394335
-121.440170,-16.711084
-121.366226,-17.029442
-121.298416,-17.350376
-121.237106,-17.672668
-121.181381,-17.997332
-121.131638,-18.323097
-121.087120,-18.650976
-121.048180,-18.979635
-121.014145,-19.310068
-120.985367,-19.640913
-120.961220,-19.973150
-120.942032,-20.305416
-120.927223,-20.638708
-120.917152,-20.971670
-120.911255,-21.305342
-120.909897,-21.638378
-120.912575,-21.971867
-120.919655,-22.304483
-120.930717,-22.637360
-120.946182,-22.969189
-120.965668,-23.301140
-120.989708,-23.631901
-121.018036,-23.962658
-121.043457,-24.292969
-121.066200,-24.624214
-121.088226,-24.954847
-121.109833,-25.286112
-121.131630,-25.616655
-121.153374,-25.947826
-121.175484,-26.278303
-121.197624,-26.609463
-121.220154,-26.939976
-121.242729,-27.271214
-121.265709,-27.601835
-121.288734,-27.933203
-121.312172,-28.263973
-121.332710,-28.595619
-121.351181,-28.926809
-121.367935,-29.258837
-121.383614,-29.590315
-121.397987,-29.922564
-121.411537,-30.254217
-121.423897,-30.586603
-121.435493,-30.918362
-121.445946,-31.250824
-121.455658,-31.582638
-121.464226,-31.915134
-121.472038,-32.246964
-121.478653,-32.579453
-121.484535,-32.911270
-121.489349,-33.243740
-121.493584,-33.575527
-121.496826,-33.907974
-121.499527,-34.239735
-121.501312,-34.572147
-121.502602,-34.903885
-121.503014,-35.236279
-121.502975,-35.568008
-121.502045,-35.900391
-121.500679,-36.232117
-121.498428,-36.564503
-121.495728,-36.896229
-121.492104,-37.228615
-121.488838,-37.560364
-121.485405,-37.892784
-121.482086,-38.224567
-121.478394,-38.557014
-121.474754,-38.888809
-121.470711,-39.221268
-121.466705,-39.553078
-121.462280,-39.885540
-121.457916,-40.217346
-121.453140,-40.549805
-121.448402,-40.881611
-121.443268,-41.214066
-121.438171,-41.545860
-121.432655,-41.878300
-121.427711,-42.210087
-121.422813,-42.542534
-121.418289,-42.874321
-121.413651,-43.206757
-121.409325,-43.538536
-121.404839,-43.870964
-121.400673,-44.202740
-121.396332,-44.535164
-121.392296,-44.866936
-121.388084,-45.199364
-121.384171,-45.531136
-121.380089,-45.863567
-121.376312,-46.195335
-121.372475,-46.527767
-121.369019,-46.859554
-121.365448,-47.191990
-121.362206,-47.523777
-121.358849,-47.856224
-121.355789,-48.188015
-121.352608,-48.520458
-121.349731,-48.852261
-121.346725,-49.184715
-121.344009,-49.516518
-121.341171,-49.848972
-121.338631,-50.180775
-121.335960,-50.513237
-121.333603,-50.845039
-121.331039,-51.177498
-121.328728,-51.509300
-121.326218,-51.841755
-121.323982,-52.173557
-121.321548,-52.506020
-121.319382,-52.837822
-121.317039,-53.170280
-121.314949,-53.502083
-121.312675,-53.834541
-121.310661,-54.166340
-121.308456,-54.498798
-121.306519,-54.830601
-121.304390,-55.163055
-121.302460,-55.494858
-121.300278,-55.827312
-121.298317,-56.159115
-121.296127,-56.491570
-121.294174,-56.823372
-121.291992,-57.155830
-121.290039,-57.487629
-121.287857,-57.820087
-121.285896,-58.151890
-121.283714,-58.484348
-121.281784,-58.816151
-121.279610,-59.148613
-121.277664,-59.480415
-121.275497,-59.812874
-121.273529,-60.144676
-121.271317,-60.477139
-121.269310,-60.808941
-121.267075,-61.141399
-121.265053,-61.473202
-121.262810,-61.805664
-121.260780,-62.137463
-121.258507,-62.469921
-121.256439,-62.801723
-121.254166,-63.134178
-121.252098,-63.465981
-121.249802,-63.798435
-121.247711,-64.130241
-121.245377,-64.462692
-121.243279,-64.794495
-121.240936,-65.126953
-121.238815,-65.458755
-121.236473,-65.791206
-121.234352,-66.123009
-121.231987,-66.455467
-121.229843,-66.787270
-121.227470,-67.119728
-121.225311,-67.451530
-121.222923,-67.783981
-121.220757,-68.115784
-121.218353,-68.448242
-121.216179,-68.780045
-121.213776,-69.112495
-121.211586,-69.444298
-121.209175,-69.776756
-121.206993,-70.108559
-121.204590,-70.441017
-121.202400,-70.772820
-121.199989,-71.105270
-121.197800,-71.437073
-121.195389,-71.769531
-121.193199,-72.101334
-121.190796,-72.433784
-121.188599,-72.765587
-121.186195,-73.098045
-121.184013,-73.429848
-121.181602,-73.762306
-121.179413,-74.094109
-121.177002,-74.426559
-121.174812,-74.758362
-121.165215,-75.090088
-121.149323,-75.420700
-121.128593,-75.751709
-121.104210,-76.081795
-121.076012,-76.412277
-121.044724,-76.741806
-121.009872,-77.071709
-120.972008,-77.400635
-120.930557,-77.729858
-120.886002,-78.058067
-120.837631,-78.386475
-120.780327,-78.711777
-120.711792,-79.034645
-120.630371,-79.352028
-120.534691,-79.664429
-120.427681,-79.971916
-120.309761,-80.276192
-120.182213,-80.575996
-120.044449,-80.872383
-119.897430,-81.163849
-119.740204,-81.451111
-119.573555,-81.732506
-119.393677,-82.004601
-119.200775,-82.264694
-118.999939,-82.521957
-118.789108,-82.769585
-118.565880,-83.005058
-118.331451,-83.226189
-118.085594,-83.434776
-117.830460,-83.631737
-117.565727,-83.818573
-117.293320,-83.994873
-117.012596,-84.161362
-116.725426,-84.317459
-116.431114,-84.463570
-116.131508,-84.599174
-115.825897,-84.724518
-115.516167,-84.839165
-115.201553,-84.943214
-114.883942,-85.036346
-114.562553,-85.118477
-114.239273,-85.189362
-113.913261,-85.248688
-113.586426,-85.296196
-113.257927,-85.331284
-112.928482,-85.362381
-112.597214,-85.387886
-112.265915,-85.408524
-111.933495,-85.423622
-111.601616,-85.433174
-111.269058,-85.436676
-110.937340,-85.434586
-110.605209,-85.426514
-110.274132,-85.412949
-109.942856,-85.393433
-109.612831,-85.368454
-109.282806,-85.337379
-108.954224,-85.300659
-108.624428,-85.266090
-108.294762,-85.233032
-107.964165,-85.200783
-107.634071,-85.169174
-107.303299,-85.137085
-106.973175,-85.104836
-106.642426,-85.071762
-106.312363,-85.038437
-105.981674,-85.004227
-105.651680,-84.969734
-105.321075,-84.934372
-104.991158,-84.898720
-104.660652,-84.862175
-104.330849,-84.825302
-104.000153,-84.791992
-103.669785,-84.762177
-103.338593,-84.734245
-103.007889,-84.708298
-102.676430,-84.683578
-102.345528,-84.660545
-102.013901,-84.638565
-101.682831,-84.618134
-101.351051,-84.598717
-101.019821,-84.580841
-100.687889,-84.563950
-100.356522,-84.548615
-100.024452,-84.534355
-99.692955,-84.521767
-99.360748,-84.510231
-99.029160,-84.500114
-98.696861,-84.490868
-98.365166,-84.482925
-98.032791,-84.475792
-97.701042,-84.469879
-97.368614,-84.464722
-97.036812,-84.460770
-96.704353,-84.457535
-96.372528,-84.455498
-96.040070,-84.454185
-95.708252,-84.454102
-95.375778,-84.454796
-95.043953,-84.455551
-94.711479,-84.456055
-94.379654,-84.456955
-94.047173,-84.457878
-93.715347,-84.459312
-93.382866,-84.460800
-93.051064,-84.462799
-92.718620,-84.464874
-92.386818,-84.467438
-92.054359,-84.470070
-91.722595,-84.473183
-91.390175,-84.476364
-91.058395,-84.480064
-90.725967,-84.483124
-90.394188,-84.486053
-90.061737,-84.488594
-89.729942,-84.491241
-89.397491,-84.493599
-89.065689,-84.496101
-88.733253,-84.498306
-88.401443,-84.500679
-88.069000,-84.502762
-87.737198,-84.505028
-87.404755,-84.507004
-87.072960,-84.509140
-86.740486,-84.510986
-86.408691,-84.512993
-86.076218,-84.514542
-85.744423,-84.516075
-85.411949,-84.517235
-85.080154,-84.518463
-84.747681,-84.519333
-84.415886,-84.520309
-84.083427,-84.520943
-83.751617,-84.521675
-83.419159,-84.522079
-83.087349,-84.522583
-82.754890,-84.522751
-82.423080,-84.523018
-82.090622,-84.522957
-81.758820,-84.523056
-81.426361,-84.522881
-81.094551,-84.522850
-80.762093,-84.522537
-80.430283,-84.522392
-80.097824,-84.521950
-79.766022,-84.521660
-79.433556,-84.521103
-79.101753,-84.520699
-78.769287,-84.520020
-78.437485,-84.519501
-78.105026,-84.518707
-77.773216,-84.518074
-77.440758,-84.517143
-77.108948,-84.516479
-76.776489,-84.515610
-76.444679,-84.514977
-76.112221,-84.514107
-75.780411,-84.513458
-75.447952,-84.512566
-75.116142,-84.511894
-74.783684,-84.511002
-74.451881,-84.510323
-74.119415,-84.509399
-73.787613,-84.508698
-73.455147,-84.507759
-73.123344,-84.507050
-72.790886,-84.506088
-72.459076,-84.505409
-72.126617,-84.504532
-71.794807,-84.503891
-71.462349,-84.503044
-71.130539,-84.502441
-70.798080,-84.501633
-70.466270,-84.501053
-70.133812,-84.500252
-69.802002,-84.499687
-69.469543,-84.498924
-69.137741,-84.498375
-68.805275,-84.497627
-68.473473,-84.497116
-68.141006,-84.496384
-67.809204,-84.495895
-67.476738,-84.495186
-67.144936,-84.494713
-66.812477,-84.494019
-66.480667,-84.493561
-66.148209,-84.492897
-65.816399,-84.492462
-65.483940,-84.491814
-65.152130,-84.491394
-64.819672,-84.490761
-64.487862,-84.490356
-64.155403,-84.489746
-63.823597,-84.489357
-63.491135,-84.488747
-63.159328,-84.488365
-62.826870,-84.487762
-62.495064,-84.487389
-62.162601,-84.486786
-61.830727,-84.486519
-61.498093,-84.485962
-61.166142,-84.485542
-60.833725,-84.485054
-60.502098,-84.484375
-60.170025,-84.483711
-59.838596,-84.483292
-59.506451,-84.482651
-59.174847,-84.482231
-58.842842,-84.481674
-58.511608,-84.481308
-58.179623,-84.480515
-57.848213,-84.480034
-57.515820,-84.479401
-57.183811,-84.478844
-56.851028,-84.478134
-56.518867,-84.477722
-56.186054,-84.477119
-55.853958,-84.476608
-55.521240,-84.476181
-55.189159,-84.476006
-54.856453,-84.475510
-54.524414,-84.475220
-54.191841,-84.474640
-53.860027,-84.474312
-53.527615,-84.473778
-53.195908,-84.473488
-52.863510,-84.472931
-52.531887,-84.472733
-52.199673,-84.472252
-51.868145,-84.471962
-51.535965,-84.471436
-51.204441,-84.471115
-50.872246,-84.470566
-50.540688,-84.470245
-50.208450,-84.469696
-49.876850,-84.469353
-49.544575,-84.468788
-49.212929,-84.468445
-48.880608,-84.467873
-48.548931,-84.467506
-48.216576,-84.466934
-47.884869,-84.466568
-47.552490,-84.465988
-47.220760,-84.465614
-46.888374,-84.465019
-46.556641,-84.464638
-46.224251,-84.464035
-45.892525,-84.463638
-45.560146,-84.463028
-45.228432,-84.462631
-44.896069,-84.462021
-44.564373,-84.461632
-44.232029,-84.461014
-43.900352,-84.460632
-43.568020,-84.460030
-43.236351,-84.459625
-42.904034,-84.459023
-42.572372,-84.458618
-42.240063,-84.458015
-41.908646,-84.457520
-41.577599,-84.457016
-41.246189,-84.456764
-40.913223,-84.456039
-40.580608,-84.455597
-40.247341,-84.454933
-39.914852,-84.454514
-39.581890,-84.453857
-39.249756,-84.453445
-38.915859,-84.452774
-38.581814,-84.452446
-38.248375,-84.451744
-37.916336,-84.451279
-37.584316,-84.455948
-37.253387,-84.466339
-36.921978,-84.479996
-36.591331,-84.496490
-36.260120,-84.514999
-35.929630,-84.535645
-35.598541,-84.557846
-35.268147,-84.581841
-34.937115,-84.607147
-34.606762,-84.634003
-34.275757,-84.661972
-33.945419,-84.691277
-33.614429,-84.721512
-33.284115,-84.752937
-32.953152,-84.785133
-32.622887,-84.818359
-32.291985,-84.852242
-31.961798,-84.887016
-31.630999,-84.922333
-31.300930,-84.958435
-30.970263,-84.994987
-30.640343,-85.032234
-30.309834,-85.069832
-29.980080,-85.108055
-29.649738,-85.146561
-29.320148,-85.185600
-28.989967,-85.224869
-28.660534,-85.264626
-28.330496,-85.304565
-28.001194,-85.344948
-27.671272,-85.385460
-27.342075,-85.426369
-27.012238,-85.467384
-26.683115,-85.508751
-26.353336,-85.550186
-26.024260,-85.591949
-25.694515,-85.633751
-25.365463,-85.675865
-25.035740,-85.717995
-24.706696,-85.760429
-24.376980,-85.802849
-24.047943,-85.845512
-23.718229,-85.888184
-23.389198,-85.931091
-23.059488,-85.973953
-22.730465,-86.017059
-22.400768,-86.060127
-22.071758,-86.103416
-21.742079,-86.146637
-21.413088,-86.190056
-21.083426,-86.233429
-20.754459,-86.276978
-20.424824,-86.320465
-20.095881,-86.364136
-19.766268,-86.407722
-19.437349,-86.451500
-19.107761,-86.495186
-18.778866,-86.539040
-18.449299,-86.582809
-18.120420,-86.626747
-17.790871,-86.670586
-17.462006,-86.714584
-17.132467,-86.758492
-16.803614,-86.802559
-16.474083,-86.846519
-16.145235,-86.890656
-15.815710,-86.934677
-15.486866,-86.978836
-15.157342,-87.022911
-14.828500,-87.067139
-14.498978,-87.111252
-14.170136,-87.155518
-13.840615,-87.199654
-13.511777,-87.243965
-13.182257,-87.288162
-12.853420,-87.332497
-12.523904,-87.376740
-12.195069,-87.421120
-11.865558,-87.465385
-11.536730,-87.509804
-11.207224,-87.554100
-10.878402,-87.598557
-10.548535,-87.638321
-10.218950,-87.674347
-9.888388,-87.707527
-9.558299,-87.738602
-9.227341,-87.767525
-8.896912,-87.794746
-8.565646,-87.820000
-8.234926,-87.843674
-7.903386,-87.865448
-7.572399,-87.885712
-7.240606,-87.904091
-6.909379,-87.920937
-6.577364,-87.935860
-6.245931,-87.949181
-5.913733,-87.960846
-5.582134,-87.971382
-5.249796,-87.980408
-4.918078,-87.988358
-4.585645,-87.994873
-4.253850,-88.000389
-3.921361,-88.004509
-3.589526,-88.007690
-3.257016,-88.009521
-2.925174,-88.010429
-2.592674,-88.009972
-2.260853,-88.008591
-1.928387,-88.005806
-1.596574,-88.003464
-1.264092,-88.000961
-0.932274,-87.998497
-0.599807,-87.995537
-0.268010,-87.992500
0.064433,-87.988914
0.396208,-87.985245
0.728631,-87.981026
1.060387,-87.976730
1.392794,-87.971886
1.724537,-87.966965
2.056931,-87.961494
2.388664,-87.955948
2.721050,-87.949844
3.052793,-87.944565
3.385205,-87.939522
3.716972,-87.934959
4.049399,-87.930351
4.381177,-87.926109
4.713614,-87.921776
5.045401,-87.917778
5.377845,-87.913658
5.709638,-87.909889
6.042088,-87.905983
6.373885,-87.902428
6.706338,-87.898758
7.038137,-87.895416
7.370592,-87.891953
7.702394,-87.889030
8.034850,-87.886139
8.366652,-87.883698
8.699111,-87.881226
9.030914,-87.879150
9.363372,-87.876999
9.695175,-87.875229
10.027632,-87.873405
10.359436,-87.871941
10.691895,-87.870415
11.023699,-87.869278
11.356158,-87.868057
11.687963,-87.867218
12.020423,-87.866196
12.352229,-87.865456
12.684689,-87.864555
13.016494,-87.863953
13.348958,-87.863205
13.680765,-87.862740
14.013228,-87.862114
14.345037,-87.861794
14.677502,-87.861328
15.009311,-87.861130
15.341776,-87.860779
15.673585,-87.860718
16.006050,-87.860497
16.337860,-87.860565
16.670326,-87.860474
17.002134,-87.860695
17.334341,-87.865250
17.665749,-87.874138
17.997717,-87.885712
18.328951,-87.899864
18.660744,-87.915955
18.991795,-87.934219
19.323400,-87.954216
19.654255,-87.976257
19.985664,-87.999939
20.316307,-88.025612
20.647488,-88.052917
20.977882,-88.082214
21.308788,-88.113205
21.638872,-88.146271
21.967924,-88.187225
22.294184,-88.238052
22.618715,-88.298599
22.940657,-88.367607
23.261684,-88.443649
23.580618,-88.526199
23.898752,-88.614761
24.214773,-88.709213
24.529928,-88.809334
24.842863,-88.915047
25.154785,-89.026276
25.464296,-89.142982
25.772549,-89.265182
26.078091,-89.392876
26.381996,-89.526230
26.679260,-89.669594
26.969999,-89.824379
27.254866,-89.988052
27.535784,-90.159843
27.811811,-90.338737
28.084246,-90.524597
28.351896,-90.716759
28.615944,-90.915321
28.875139,-91.119667
29.130602,-91.330017
29.381048,-91.545792
29.627531,-91.767273
29.868734,-91.993866
30.105608,-92.225990
30.336765,-92.463036
30.563017,-92.705566
30.778070,-92.955284
30.981127,-93.213478
31.173857,-93.478172
31.358681,-93.749306
31.535446,-94.025459
31.705544,-94.306931
31.868324,-94.592529
32.024937,-94.882751
32.174648,-95.176460
32.318516,-95.474243
32.455803,-95.774940
32.587482,-96.079208
32.712830,-96.385880
32.832779,-96.695641
32.946594,-97.007309
33.055157,-97.321648
33.157730,-97.637459
33.255135,-97.955574
33.346642,-98.274780
33.432983,-98.595978
33.513409,-98.917976
33.588570,-99.241684
33.657639,-99.565971
33.721127,-99.891792
33.778091,-100.217964
33.837456,-100.544640
33.897697,-100.870888
33.958393,-101.197800
34.018368,-101.524200
34.077972,-101.851280
34.136456,-102.177841
34.194489,-102.505104
34.251438,-102.831841
34.308014,-103.159271
34.363602,-103.486206
34.418911,-103.813828
34.473335,-104.140923
34.527565,-104.468735
34.580990,-104.796051
34.634296,-105.124062
34.686863,-105.451530
34.739376,-105.779716
34.791214,-106.107391
34.843044,-106.435760
34.894257,-106.763580
34.945503,-107.092087
34.996170,-107.420044
35.046909,-107.748680
35.097107,-108.076744
35.147411,-108.405457
35.197201,-108.733589
35.247128,-109.062363
35.296558,-109.390541
35.346146,-109.719353
35.395275,-110.047569
35.444576,-110.376404
35.493431,-110.704628
35.542488,-111.033463
35.591106,-111.361710
35.639946,-111.690567
35.688366,-112.018806
35.737011,-112.347664
35.785252,-112.675926
35.833733,-113.004799
35.881824,-113.333084
35.930164,-113.661980
35.978123,-113.990273
36.026340,-114.319199
36.074184,-114.647514
36.122295,-114.976456
36.170044,-115.304794
36.218056,-115.633759
36.265713,-115.962120
36.313648,-116.291107
36.361229,-116.619492
36.409084,-116.948494
36.456600,-117.276901
36.504391,-117.605927
36.551842,-117.934334
36.599579,-118.263374
36.646976,-118.591797
36.694660,-118.920830
36.742004,-119.249268
36.789639,-119.578300
36.836937,-119.906738
36.884533,-120.235771
36.931789,-120.564209
36.979343,-120.893250
37.026566,-121.221687
37.074081,-121.550751
37.121265,-121.879173
37.168747,-122.208237
37.215897,-122.536674
37.263348,-122.865730
37.310467,-123.194176
37.357887,-123.523239
37.404980,-123.851677
37.452366,-124.180748
37.499424,-124.509193
37.542263,-124.838661
37.580799,-125.167938
37.616936,-125.498161
37.650635,-125.828003
37.682766,-126.158653
37.712933,-126.488861
37.741821,-126.819847
37.768967,-127.150368
37.794998,-127.481651
37.819439,-127.812439
37.842892,-128.143967
37.864880,-128.474991
37.885986,-128.806747
37.905724,-129.137970
37.924667,-129.469894
37.942329,-129.801270
37.959263,-130.133347
37.974991,-130.464844
37.990040,-130.797028
38.003922,-131.128601
38.017166,-131.460861
38.029274,-131.792496
38.040752,-132.124786
38.051109,-132.456467
38.060818,-132.788818
38.069374,-133.120529
38.078190,-133.452881
38.086697,-133.784561
38.095207,-134.116928
38.103195,-134.448624
38.111137,-134.781357
38.118542,-135.112930
38.125870,-135.445129
38.132656,-135.776810
38.139381,-136.109192
38.145576,-136.440948
38.151707,-136.773361
38.157307,-137.105133
38.162842,-137.437546
38.167835,-137.769043
38.173500,-138.101639
38.179214,-138.433456
38.185310,-138.765869
38.191265,-139.097595
38.197529,-139.429947
38.203613,-139.761673
38.209988,-140.094025
38.216179,-140.425735
38.222649,-140.758087
38.228935,-141.089798
38.235504,-141.422195
38.241890,-141.753906
38.248554,-142.086304
38.255039,-142.418060
38.262005,-142.750443
38.268948,-143.082184
38.276283,-143.414581
38.283524,-143.746323
38.291126,-144.078720
38.298603,-144.410461
38.306438,-144.742844
38.314144,-145.074570
38.322197,-145.406967
38.330128,-145.738693
38.338398,-146.071060
38.346546,-146.402786
38.355049,-146.735138
38.363365,-147.066849
38.371971,-147.399200
38.380394,-147.730911
38.389126,-148.063263
38.397678,-148.394943
38.406528,-148.727280
38.415199,-149.058975
38.424168,-149.391296
38.432953,-149.722992
38.442036,-150.055313
38.450935,-150.387009
38.460133,-150.719330
38.469151,-151.051025
38.478470,-151.383362
38.487492,-151.715042
38.496723,-152.047363
38.505699,-152.379059
38.514912,-152.711380
38.523880,-153.043076
38.533089,-153.375397
38.542061,-153.707092
38.551273,-154.039413
38.560249,-154.371094
38.569466,-154.703430
38.578445,-155.035110
38.587666,-155.367432
38.596645,-155.699127
38.605862,-156.031448
38.614849,-156.363144
38.624073,-156.695465
38.633057,-157.027161
38.642288,-157.359482
38.651272,-157.691162
38.660503,-158.023499
38.669495,-158.355179
38.678730,-158.687500
38.687691,-159.019196
38.696873,-159.351517
38.705803,-159.683212
38.714958,-160.015533
38.723866,-160.347214
38.732998,-160.679550
38.741879,-161.011230
38.750992,-161.343567
38.759857,-161.675247
38.768955,-162.007599
38.777798,-162.339279
38.786873,-162.671631
38.795700,-163.003311
38.804760,-163.335648
38.813572,-163.667343
38.822617,-163.999710
38.831413,-164.331406
38.840443,-164.663742
38.849228,-164.995453
38.858242,-165.327789
38.867020,-165.659470
38.876022,-165.991837
38.884785,-166.323517
38.893780,-166.655869
38.902527,-166.987549
38.911507,-167.319916
38.920250,-167.651596
38.929234,-167.983963
38.937981,-168.315643
38.946968,-168.648010
38.955715,-168.979691
38.964695,-169.312042
38.973438,-169.643723
38.982418,-169.976089
38.991158,-170.307770
39.000137,-170.640137
39.008877,-170.971817
39.017857,-171.304169
39.026600,-171.635849
39.035576,-171.968216
39.044315,-172.299896
39.053291,-172.632263
39.062027,-172.963943
39.070999,-173.296310
39.079739,-173.627991
39.090916,-173.960205
39.103680,-174.291733
39.117981,-174.623840
39.133121,-174.955246
39.149483,-175.287277
39.166508,-175.618591
39.184673,-175.950485
39.203445,-176.281708
39.223335,-176.613525
39.243824,-176.944641
39.265442,-177.276337
39.287693,-177.607376
39.317410,-177.937820
39.355888,-178.266068
39.403744,-178.593140
39.459209,-178.918045
39.521626,-179.242401
39.589836,-179.564911
39.664230,-179.886887
39.743999,-180.206970
39.829830,-180.526337
39.921028,-180.843674
40.018452,-181.160019
40.121502,-181.473953
40.235714,-181.783493
40.361809,-182.086243
40.502140,-182.381104
40.656582,-182.665680
40.826218,-182.939590
41.009304,-183.202316
41.204983,-183.457138
41.411587,-183.704300
41.629768,-183.945618
41.858440,-184.180557
42.098373,-184.410172
42.348564,-184.633591
42.609730,-184.851501
42.880886,-185.062943
43.162727,-185.268387
43.454273,-185.467010
43.756123,-185.658981
44.067352,-185.843475
44.388485,-186.020523
44.718662,-186.189377
45.058285,-186.349701
45.406567,-186.500763
45.763809,-186.641922
46.129261,-186.772202
46.501682,-186.899857
46.880798,-187.023788
47.266018,-187.146103
47.656853,-187.266693
48.053432,-187.385056
48.455410,-187.501083
48.862797,-187.614838
49.275345,-187.726425
49.693016,-187.835953
50.115620,-187.943558
50.543091,-188.049393
50.975296,-188.153564
51.412155,-188.256210
51.853558,-188.357391
52.299423,-188.457306
52.749660,-188.555984
53.204197,-188.653595
53.662956,-188.750153
54.125870,-188.845779
54.592861,-188.940536
55.063869,-189.034500
55.538841,-189.127762
56.017708,-189.220352
56.500420,-189.312256
56.986919,-189.403595
57.477158,-189.494339
57.971096,-189.584503
58.468681,-189.674103
58.969872,-189.763138
59.474636,-189.851578
59.982944,-189.939331
0.000000,0.000000
0.000000,0.000000
0.000000,0.000000
0.000000,0.000000
0.000000,0.000000
0.000000,0.000000
0.000000,0.000000
0.000000,0.000000
0.000000,0.000000
0.000000,0.000000
0.000000,0.000000
0.000000,0.000000
0.000000,0.000000
0.000000,0.000000
0.000000,0.000000
0.000000,0.000000
0.000000,0.000000
0.000000,0.000000
0.000000,0.000000
0.000000,0.000000
0.000000,0.000000
0.000000,0.000000
0.000000,0.000000
0.000000,0.000000
0.000000,0.000000
0.000000,0.000000
0.000000,0.000000
0.000000,0.000000
0.000000,0.000000
0.000000,0.000000
0.000000,0.000000
0.000000,0.000000
0.000000,0.000000
0.000000,0.000000
0.000000,0.000000
0.000000,0.000000
0.000000,0.000000
0.000000,0.000000
0.000000,0.000000
0.000000,0.000000
0.000000,0.000000
0.000000,0.000000
0.000000,0.000000
0.000000,0.000000
0.000000,0.000000
0.000000,0.000000
0.000000,0.000000
0.000000,0.000000
0.000000,0.000000
0.000000,0.000000
0.000000,0.000000
0.000000,0.000000
0.000000,0.000000
0.000000,0.000000
0.000000,0.000000
0.000000,0.000000
0.000000,0.000000
0.000000,0.000000
0.000000,0.000000
0.000000,0.000000
0.000000,0.000000
0.000000,0.000000
0.000000,0.000000
0.000000,0.000000
0.000000,0.000000
0.000000,0.000000
0.000000,0.000000
0.000000,0.000000
0.000000,0.000000
0.000000,0.000000
0.000000,0.000000
0.000000,0.000000
0.000000,0.000000
0.000000,0.000000
0.000000,0.000000
0.000000,0.000000
0.000000,0.000000
0.000000,0.000000
0.000000,0.000000
0.000000,0.000000
0.000000,0.000000
0.000000,0.000000
0.000000,0.000000
0.000000,0.000000
0.000000,0.000000
0.000000,0.000000
0.000000,0.000000
0.000000,0.000000
0.000000,0.000000
0.000000,0.000000
0.000000,0.000000
0.000000,0.000000
0.000000,0.000000
0.000000,0.000000
0.000000,0.000000
0.000000,0.000000
0.000000,0.000000
0.000000,0.000000
0.000000,0.000000
0.000000,0.000000
0.000000,0.000000
0.000000,0.000000
0.000000,0.000000
0.000000,0.000000
0.000000,0.000000
0.000000,0.000000
0.000000,0.000000
0.000000,0.000000
0.000000,0.000000
0.000000,0.000000
0.000000,0.000000
0.000000,0.000000
0.000000,0.000000
0.000000,0.000000
0.000000,0.000000
0.000000,0.000000
0.000000,0.000000
0.000000,0.000000
0.000000,0.000000
0.000000,0.000000
0.000000,0.000000
0.000000,0.000000
0.000000,0.000000
0.000000,0.000000
0.000000,0.000000
0.000000,0.000000
0.000000,0.000000
0.000000,0.000000
0.000000,0.000000
0.000000,0.000000
0.000000,0.000000
0.000000,0.000000
0.000000,0.000000
0.000000,0.000000
0.000000,0.000000
0.000000,0.000000
0.000000,0.000000
0.000000,0.000000
0.000000,0.000000
0.000000,0.000000
0.000000,0.000000
0.000000,0.000000
0.000000,0.000000
0.000000,0.000000
0.000000,0.000000
0.000000,0.000000
0.000000,0.000000
0.000000,0.000000
0.000000,0.000000
0.000000,0.000000
0.000000,0.000000
0.000000,0.000000
0.000000,0.000000
0.000000,0.000000
0.000000,0.000000
0.000000,0.000000
0.000000,0.000000
0.000000,0.000000
0.000000,0.000000
0.000000,0.000000
0.000000,0.000000
0.000000,0.000000
0.000000,0.000000
0.000000,0.000000
0.000000,0.000000
0.000000,0.000000
0.000000,0.000000
0.000000,0.000000
0.000000,0.000000
0.000000,0.000000
0.000000,0.000000
0.000000,0.000000
0.000000,0.000000
0.000000,0.000000
0.000000,0.000000
0.000000,0.000000
0.000000,0.000000
0.000000,0.000000
0.000000,0.000000
0.000000,0.000000
0.000000,0.000000
0.000000,0.000000
0.000000,0.000000
0.000000,0.000000
0.000000,0.000000
0.000000,0.000000
0.000000,0.000000
0.000000,0.000000
0.000000,0.000000
0.000000,0.000000
0.000000,0.000000
0.000000,0.000000
0.000000,0.000000
0.000000,0.000000
0.000000,0.000000
0.000000,0.000000
0.000000,0.000000
0.000000,0.000000
0.000000,0.000000
0.000000,0.000000
0.000000,0.000000
0.000000,0.000000
0.000000,0.000000
0.000000,0.000000
0.000000,0.000000
0.000000,0.000000
0.000000,0.000000
0.000000,0.000000
0.000000,0.000000
0.000000,0.000000
0.000000,0.000000
0.000000,0.000000
0.000000,0.000000
0.000000,0.000000
0.000000,0.000000
0.000000,0.000000
0.000000,0.000000
0.000000,0.000000
0.000000,0.000000
0.000000,0.000000
0.000000,0.000000
0.000000,0.000000
0.000000,0.000000
0.000000,0.000000
0.000000,0.000000
0.000000,0.000000
0.000000,0.000000
0.000000,0.000000
0.000000,0.000000
0.000000,0.000000
0.000000,0.000000
0.000000,0.000000
0.000000,0.000000
0.000000,0.000000
0.000000,0.000000
0.000000,0.000000
0.000000,0.000000
0.000000,0.000000
0.000000,0.000000
0.000000,0.000000
0.000000,0.000000
0.000000,0.000000
0.000000,0.000000
0.000000,0.000000
0.000000,0.000000
0.000000,0.000000
0.000000,0.000000
0.000000,0.000000
0.000000,0.000000
0.000000,0.000000
0.000000,0.000000
0.000000,0.000000
0.000000,0.000000
0.000000,0.000000
0.000000,0.000000
0.000000,0.000000
0.000000,0.000000
0.000000,0.000000
0.000000,0.000000
0.000000,0.000000
0.000000,0.000000
0.000000,0.000000
0.000000,0.000000
0.000000,0.000000
0.000000,0.000000
0.000000,0.000000
0.000000,0.000000
0.000000,0.000000
0.000000,0.000000
0.000000,0.000000
0.000000,0.000000
0.000000,0.000000
0.000000,0.000000
0.000000,0.000000
0.000000,0.000000
0.000000,0.000000
0.000000,0.000000
0.000000,0.000000
0.000000,0.000000
0.000000,0.000000
0.000000,0.000000
0.000000,0.000000
0.000000,0.000000
0.000000,0.000000
0.000000,0.000000
0.000000,0.000000
0.000000,0.000000
0.000000,0.000000
0.000000,0.000000
0.000000,0.000000
0.000000,0.000000
0.000000,0.000000
0.000000,0.000000
0.000000,0.000000
0.000000,0.000000
0.000000,0.000000
0.000000,0.000000
0.000000,0.000000
0.000000,0.000000
0.000000,0.000000
0.000000,0.000000
0.000000,0.000000
0.000000,0.000000
0.000000,0.000000
0.000000,0.000000
0.000000,0.000000
0.000000,0.000000
0.000000,0.000000
0.000000,0.000000
0.000000,0.000000
0.000000,0.000000
0.000000,0.000000
0.000000,0.000000
0.000000,0.000000
0.000000,0.000000
0.000000,0.000000
0.000000,0.000000
0.000000,0.000000
0.000000,0.000000
0.000000,0.000000
0.000000,0.000000
0.000000,0.000000
0.000000,0.000000
0.000000,0.000000
0.000000,0.000000
0.000000,0.000000
0.000000,0.000000
0.000000,0.000000
0.000000,0.000000
0.000000,0.000000
0.000000,0.000000
0.000000,0.000000
0.000000,0.000000
0.000000,0.000000
0.000000,0.000000
0.000000,0.000000
0.000000,0.000000
0.000000,0.000000
0.000000,0.000000
0.000000,0.000000
0.000000,0.000000
0.000000,0.000000
0.000000,0.000000
0.000000,0.000000
0.000000,0.000000
0.000000,0.000000
0.000000,0.000000
0.000000,0.000000
0.000000,0.000000
0.000000,0.000000
0.000000,0.000000
0.000000,0.000000
0.000000,0.000000
0.000000,0.000000
0.000000,0.000000
0.000000,0.000000
0.000000,0.000000
0.000000,0.000000
0.000000,0.000000
0.000000,0.000000
0.000000,0.000000
0.000000,0.000000
0.000000,0.000000
0.000000,0.000000
0.000000,0.000000
0.000000,0.000000
0.000000,0.000000
0.000000,0.000000
0.000000,0.000000
0.000000,0.000000
0.000000,0.000000
0.000000,0.000000
0.000000,0.000000
0.000000,0.000000
0.000000,0.000000
0.000000,0.000000
0.000000,0.000000
0.000000,0.000000
0.000000,0.000000
0.000000,0.000000
0.000000,0.000000
0.000000,0.000000
0.000000,0.000000
0.000000,0.000000
0.000000,0.000000
0.000000,0.000000
0.000000,0.000000
0.000000,0.000000
0.000000,0.000000
0.000000,0.000000
0.000000,0.000000
0.000000,0.000000
0.000000,0.000000
0.000000,0.000000
0.000000,0.000000
0.000000,0.000000
0.000000,0.000000
0.000000,0.000000
0.000000,0.000000
0.000000,0.000000
0.000000,0.000000
0.000000,0.000000
0.000000,0.000000
0.000000,0.000000
0.000000,0.000000
0.000000,0.000000
0.000000,0.000000
0.000000,0.000000
0.000000,0.000000
0.000000,0.000000
0.000000,0.000000
0.000000,0.000000
0.000000,0.000000
0.000000,0.000000
0.000000,0.000000
0.000000,0.000000
0.000000,0.000000
0.000000,0.000000
0.000000,0.000000
0.000000,0.000000
0.000000,0.000000
0.000000,0.000000
0.000000,0.000000
0.000000,0.000000
0.000000,0.000000
0.000000,0.000000
0.000000,0.000000
0.000000,0.000000
0.000000,0.000000
0.000000,0.000000
0.000000,0.000000
0.000000,0.000000
0.000000,0.000000
0.000000,0.000000
0.000000,0.000000
0.000000,0.000000
0.000000,0.000000
0.000000,0.000000
0.000000,0.000000
0.000000,0.000000
0.000000,0.000000
0.000000,0.000000
0.000000,0.000000
0.000000,0.000000
0.000000,0.000000
0.000000,0.000000
0.000000,0.000000
0.000000,0.000000
0.000000,0.000000
0.000000,0.000000
0.000000,0.000000
0.000000,0.000000
0.000000,0.000000
0.000000,0.000000
0.000000,0.000000
0.000000,0.000000
0.000000,0.000000
0.000000,0.000000
0.000000,0.000000
0.000000,0.000000
0.000000,0.000000
0.000000,0.000000
0.000000,0.000000
0.000000,0.000000
0.000000,0.000000
0.000000,0.000000
0.000000,0.000000
0.000000,0.000000
0.000000,0.000000
0.000000,0.000000
0.000000,0.000000
0.000000,0.000000
0.000000,0.000000
0.000000,0.000000
0.000000,0.000000
0.000000,0.000000
0.000000,0.000000
0.000000,0.000000
0.000000,0.000000
0.000000,0.000000
0.000000,0.000000
0.000000,0.000000
0.000000,0.000000
0.000000,0.000000
0.000000,0.000000
0.000000,0.000000
0.000000,0.000000
0.000000,0.000000
0.000000,0.000000
0.000000,0.000000
0.000000,0.000000
0.000000,0.000000
0.000000,0.000000
0.000000,0.000000
0.000000,0.000000
0.000000,0.000000
0.000000,0.000000
0.000000,0.000000
0.000000,0.000000
0.000000,0.000000
0.000000,0.000000
0.000000,0.000000
0.000000,0.000000
0.000000,0.000000
0.000000,0.000000
0.000000,0.000000
0.000000,0.000000
0.000000,0.000000
0.000000,0.000000
0.000000,0.000000
0.000000,0.000000
0.000000,0.000000
0.000000,0.000000
0.000000,0.000000
0.000000,0.000000
0.000000,0.000000
0.000000,0.000000
0.000000,0.000000
0.000000,0.000000
0.000000,0.000000
0.000000,0.000000
0.000000,0.000000
0.000000,0.000000
0.000000,0.000000
0.000000,0.000000
0.000000,0.000000
0.000000,0.000000
0.000000,0.000000
0.000000,0.000000
0.000000,0.000000
0.000000,0.000000
0.000000,0.000000
0.000000,0.000000
0.000000,0.000000
0.000000,0.000000
0.000000,0.000000
0.000000,0.000000
0.000000,0.000000
0.000000,0.000000
0.000000,0.000000
0.000000,0.000000
0.000000,0.000000
0.000000,0.000000
0.000000,0.000000
0.000000,0.000000
0.000000,0.000000
0.000000,0.000000
0.000000,0.000000
0.000000,0.000000
0.000000,0.000000
0.000000,0.000000
0.000000,0.000000
0.000000,0.000000
0.000000,0.000000
0.000000,0.000000
0.000000,0.000000
0.000000,0.000000
0.000000,0.000000
0.000000,0.000000
0.000000,0.000000
0.000000,0.000000
0.000000,0.000000
0.000000,0.000000
0.000000,0.000000
0.000000,0.000000
0.000000,0.000000
0.000000,0.000000
0.000000,0.000000
0.000000,0.000000
0.000000,0.000000
0.000000,0.000000
0.000000,0.000000
0.000000,0.000000
0.000000,0.000000
0.000000,0.000000
0.000000,0.000000
0.000000,0.000000
0.000000,0.000000
0.000000,0.000000
0.000000,0.000000
0.000000,0.000000
0.000000,0.000000
0.000000,0.000000
0.000000,0.000000
0.000000,0.000000
0.000000,0.000000
0.000000,0.000000
0.000000,0.000000
0.000000,0.000000
0.000000,0.000000
0.000000,0.000000
0.000000,0.000000
0.000000,0.000000
0.000000,0.000000
0.000000,0.000000
0.000000,0.000000
0.000000,0.000000
0.000000,0.000000
0.000000,0.000000
0.000000,0.000000
0.000000,0.000000
0.000000,0.000000
0.000000,0.000000
0.000000,0.000000
0.000000,0.000000
0.000000,0.000000
0.000000,0.000000
0.000000,0.000000
0.000000,0.000000
0.000000,0.000000
0.000000,0.000000
0.000000,0.000000
0.000000,0.000000
0.000000,0.000000
0.000000,0.000000
0.000000,0.000000
0.000000,0.000000
0.000000,0.000000
0.000000,0.000000
0.000000,0.000000
0.000000,0.000000
0.000000,0.000000
0.000000,0.000000
0.000000,0.000000
0.000000,0.000000
0.000000,0.000000
0.000000,0.000000
0.000000,0.000000
0.000000,0.000000
0.000000,0.000000
0.000000,0.000000
0.000000,0.000000
0.000000,0.000000
0.000000,0.000000
0.000000,0.000000
0.000000,0.000000
0.000000,0.000000
0.000000,0.000000
0.000000,0.000000
0.000000,0.000000
0.000000,0.000000
0.000000,0.000000
0.000000,0.000000
0.000000,0.000000
0.000000,0.000000
0.000000,0.000000
0.000000,0.000000
0.000000,0.000000
0.000000,0.000000
0.000000,0.000000
0.000000,0.000000
0.000000,0.000000
0.000000,0.000000
0.000000,0.000000
0.000000,0.000000
0.000000,0.000000
0.000000,0.000000
0.000000,0.000000
0.000000,0.000000
0.000000,0.000000
0.000000,0.000000
0.000000,0.000000
0.000000,0.000000
0.000000,0.000000
0.000000,0.000000
0.000000,0.000000
0.000000,0.000000
0.000000,0.000000
0.000000,0.000000
0.000000,0.000000
0.000000,0.000000
0.000000,0.000000
0.000000,0.000000
0.000000,0.000000
0.000000,0.000000
0.000000,0.000000
0.000000,0.000000
0.000000,0.000000
0.000000,0.000000
0.000000,0.000000
0.000000,0.000000
0.000000,0.000000
0.000000,0.000000
0.000000,0.000000
0.000000,0.000000
0.000000,0.000000
0.000000,0.000000
0.000000,0.000000
0.000000,0.000000
0.000000,0.000000
0.000000,0.000000
0.000000,0.000000
0.000000,0.000000
0.000000,0.000000
0.000000,0.000000
0.000000,0.000000
0.000000,0.000000
0.000000,0.000000
0.000000,0.000000
0.000000,0.000000
0.000000,0.000000
0.000000,0.000000
0.000000,0.000000
0.000000,0.000000
0.000000,0.000000
0.000000,0.000000
0.000000,0.000000
0.000000,0.000000
0.000000,0.000000
0.000000,0.000000
0.000000,0.000000
0.000000,0.000000
0.000000,0.000000
0.000000,0.000000
0.000000,0.000000
0.000000,0.000000
0.000000,0.000000
0.000000,0.000000
0.000000,0.000000
0.000000,0.000000
0.000000,0.000000
0.000000,0.000000
0.000000,0.000000
0.000000,0.000000
0.000000,0.000000
0.000000,0.000000
0.000000,0.000000
0.000000,0.000000
0.000000,0.000000
0.000000,0.000000
0.000000,0.000000
0.000000,0.000000
0.000000,0.000000
0.000000,0.000000
0.000000,0.000000
0.000000,0.000000
0.000000,0.000000
0.000000,0.000000
0.000000,0.000000
0.000000,0.000000
0.000000,0.000000
0.000000,0.000000
0.000000,0.000000
0.000000,0.000000
0.000000,0.000000
0.000000,0.000000
0.000000,0.000000
0.000000,0.000000
0.000000,0.000000
0.000000,0.000000
0.000000,0.000000
0.000000,0.000000
0.000000,0.000000
0.000000,0.000000
0.000000,0.000000
0.000000,0.000000
0.000000,0.000000
0.000000,0.000000
0.000000,0.000000
0.000000,0.000000
0.000000,0.000000
0.000000,0.000000
0.000000,0.000000
0.000000,0.000000
0.000000,0.000000
0.000000,0.000000
0.000000,0.000000
0.000000,0.000000
0.000000,0.000000
0.000000,0.000000
