0.000000,0.000000
0.000000,0.000000
0.000000,0.000000
0.000000,0.000000
0.000000,0.000000
0.000000,0.000000
0.000000,0.000000
0.000000,0.000000
0.000000,0.000000
0.000000,0.000000
0.000000,0.000000
0.000000,0.000000
0.000000,0.000000
0.000000,0.000000
0.000000,0.000000
0.000000,0.000000
0.000000,0.000000
0.000000,0.000000
58.182587,187.856827
58.182587,187.856827
58.182587,187.856827
58.182587,187.856827
58.182587,187.856827
58.182587,187.856827
58.182587,187.856827
58.182587,187.856827
58.182587,187.856827
58.182587,187.856827
58.182587,187.856827
58.182587,187.856827
58.182587,187.856827
58.182587,187.856827
58.182587,187.856827
58.182587,187.856827
58.182587,187.856827
58.182587,187.856827
58.182587,187.856827
58.182587,187.856827
58.182587,187.856827
58.182587,187.856827
58.182587,187.856827
58.182587,187.856827
58.182587,187.856827
58.182587,187.856827
58.182587,187.856827
58.182587,187.856827
58.182587,187.856827
58.182587,187.856827
58.182587,187.856827
58.182587,187.856827
58.182587,187.856827
58.182587,187.856827
58.182587,187.856827
58.182587,187.856827
58.182587,187.856827
58.182587,187.856827
58.182587,187.856827
58.182587,187.856827
58.182587,187.856827
58.182571,187.856827
58.168129,187.856750
58.133240,187.856598
58.079269,187.856323
58.007591,187.855957
57.919540,187.855530
57.816422,187.855011
57.699463,187.854431
57.569794,187.853790
57.428432,187.853088
57.276249,187.852325
57.114021,187.851501
56.942390,187.850662
56.761898,187.849762
56.573002,187.848831
56.376083,187.847824
56.171455,187.846817
55.959385,187.845764
55.740093,187.844650
55.513760,187.843506
55.280540,187.842346
55.040573,187.841141
54.793983,187.839920
54.540863,187.838654
54.281311,187.837357
54.015507,187.836014
53.743183,187.834641
53.465717,187.833237
53.181187,187.831818
52.891624,187.830353
52.595173,187.828857
52.293781,187.827347
51.985733,187.825790
51.672802,187.824219
51.353462,187.822617
51.029499,187.820999
50.699768,187.819336
50.366192,187.817657
50.027996,187.815948
49.687191,187.814255
49.343254,187.812515
48.998169,187.810760
48.651512,187.809006
48.305141,187.807236
47.958557,187.805481
47.613407,187.803726
47.268974,187.801987
46.926678,187.800293
46.585571,187.798584
46.246887,187.796890
45.909866,187.789551
45.575600,187.777237
45.242546,187.761429
44.911743,187.742630
44.581734,187.721359
44.253857,187.697479
43.926731,187.671463
43.601494,187.642929
43.276478,187.612259
42.952766,187.579025
42.628677,187.543488
42.306961,187.499313
41.986454,187.445023
41.668640,187.380325
41.351562,187.306519
41.036106,187.224701
40.720840,187.135391
40.407166,187.038879
40.093971,186.935150
39.782803,186.824387
39.472725,186.706421
39.165394,186.581329
38.860031,186.448792
38.561852,186.304901
38.271267,186.148163
37.989761,185.979324
37.715469,185.799072
37.448845,185.608917
37.188660,185.409103
36.936153,185.200485
36.690498,184.982910
36.453140,184.757111
36.223465,184.522736
36.003098,184.280472
35.796200,184.028427
35.605892,183.767166
35.428520,183.496872
35.263515,183.219162
35.109383,182.933807
34.966610,182.642319
34.834339,182.344254
34.713299,182.041122
34.602879,181.732437
34.503826,181.419678
34.415710,181.102371
34.339268,180.782089
34.274223,180.458313
34.221348,180.132706
34.180553,179.804825
34.152725,179.476318
34.129330,179.145294
34.112160,178.813431
34.098988,178.479996
34.090748,178.146545
34.087708,177.812393
34.090496,177.478973
34.098701,177.145309
34.112705,176.812744
34.132061,176.480255
34.157131,176.149124
34.187534,175.818222
34.223694,175.488937
34.265366,175.160080
34.313057,174.833008
34.358044,174.504776
34.401787,174.176727
34.442722,173.847610
34.481976,173.518890
34.520260,173.189346
34.558231,172.860428
34.595787,172.530731
34.633286,172.201630
34.670483,171.871780
34.707676,171.542450
34.744587,171.212357
34.781494,170.882828
34.818123,170.552490
34.851089,170.222504
34.880684,169.891464
34.908131,169.560837
34.933491,169.229340
34.957275,168.898331
34.979271,168.566513
34.999866,168.235275
35.018757,167.903214
35.036316,167.571777
35.052200,167.239609
35.066769,166.908051
35.079624,166.575775
35.091122,166.244141
35.101326,165.911789
35.110733,165.580139
35.118954,165.247772
35.126438,164.916077
35.132820,164.583710
35.138561,164.251984
35.143284,163.919601
35.147453,163.587891
35.150677,163.255493
35.153423,162.923767
35.155289,162.591354
35.156738,162.259598
35.157356,161.927170
35.157616,161.595398
35.157085,161.262970
35.156235,160.931183
35.154633,160.598740
35.152737,160.266937
35.150120,159.934494
35.147232,159.602676
35.143623,159.270233
35.139759,158.938431
35.135174,158.605988
35.130322,158.274200
35.124725,157.941757
35.122540,157.610031
35.122787,157.277649
35.125008,156.945908
35.128429,156.613525
35.133308,156.281830
35.139122,155.949509
35.146244,155.617859
35.154232,155.285583
35.163486,154.953979
35.173592,154.621750
35.184917,154.290192
35.197212,153.958023
35.210804,153.626556
35.230110,153.295090
35.255299,152.964828
35.284420,152.634323
35.317348,152.304794
35.353447,151.974945
35.392834,151.646042
35.435112,151.316864
35.480537,150.988663
35.528790,150.660172
35.580227,150.332779
35.634426,150.005142
35.691818,149.678604
35.758011,149.354019
35.834827,149.033401
35.924454,148.717194
36.027737,148.407608
36.146233,148.105392
36.280312,147.812943
36.431065,147.531281
36.598316,147.263077
36.780956,147.005325
36.976990,146.757797
37.186111,146.518570
37.407070,146.288666
37.639896,146.066986
37.882931,145.854782
38.136654,145.651627
38.399464,145.458832
38.671432,145.275803
38.951443,145.104324
39.239902,144.944260
39.535065,144.796967
39.836800,144.661438
40.144356,144.541901
40.456432,144.434814
40.771912,144.338440
41.091236,144.251984
41.412876,144.176788
41.737602,144.112793
42.063637,144.059158
42.391766,144.015732
42.720196,143.982315
43.049911,143.959045
43.379154,143.945511
43.708721,143.942123
44.037292,143.948334
44.366280,143.964462
44.693905,143.990341
45.021011,144.026718
45.345825,144.073364
45.672157,144.122757
45.998169,144.175781
46.325977,144.227127
46.654053,144.277451
46.983105,144.328537
47.311565,144.380951
47.640598,144.435120
47.968773,144.490646
48.297256,144.548248
48.624744,144.607315
48.952427,144.668518
49.279011,144.731201
49.605682,144.796127
49.932331,144.855469
50.260239,144.910553
50.587879,144.962509
50.916313,145.012650
51.244282,145.060669
51.572971,145.107376
51.901180,145.152206
52.230145,145.195892
52.558666,145.237778
52.887978,145.278519
53.216888,145.317520
53.546635,145.355347
53.875999,145.391373
54.206287,145.425278
54.536240,145.456772
54.867069,145.486740
55.197517,145.514801
55.528801,145.541565
55.859665,145.566544
56.191326,145.590347
56.522518,145.612442
56.854477,145.633392
57.185913,145.652679
57.518066,145.670837
57.849663,145.687317
58.181953,145.702606
58.513645,145.716156
58.845989,145.729599
59.177700,145.742355
59.510044,145.754776
59.841743,145.766281
60.174065,145.777390
60.505737,145.787582
60.838036,145.797379
61.169685,145.806290
61.501972,145.814819
61.833618,145.822495
62.165901,145.829758
62.497551,145.836166
62.829861,145.842148
63.161537,145.847275
63.493870,145.852051
63.825573,145.856049
64.157951,145.859756
64.489693,145.862778
64.822113,145.865540
65.153893,145.867599
65.486343,145.869446
65.818161,145.870621
66.150627,145.871582
66.482460,145.871887
66.814949,145.871979
67.146790,145.871414
67.479286,145.870605
67.811119,145.868530
68.143585,145.865753
68.475395,145.862061
68.807846,145.857910
69.139626,145.852936
69.472046,145.847610
69.803810,145.841522
70.136200,145.835098
70.467926,145.827942
70.800293,145.820450
71.131989,145.812241
71.464325,145.803696
71.795982,145.794418
72.128288,145.784775
72.459877,145.773682
72.792084,145.761719
73.123604,145.748672
73.455757,145.735031
73.787224,145.720474
74.119316,145.705414
74.450722,145.689499
74.782761,145.673111
75.114113,145.655884
75.446091,145.638214
75.777374,145.619720
76.109291,145.600754
76.440506,145.580948
76.772346,145.560638
77.103432,145.538895
77.435104,145.516220
77.766045,145.492462
78.097595,145.468079
78.428429,145.442719
78.759865,145.416779
79.090576,145.389954
79.421898,145.362610
79.752495,145.334396
80.083702,145.305649
80.414177,145.276031
80.745255,145.245895
81.075607,145.214874
81.406494,145.182785
81.736595,145.149429
82.067276,145.115341
82.397202,145.080276
82.727722,145.044571
83.057487,145.007980
83.387848,144.970825
83.717461,144.932816
84.047661,144.894287
84.377106,144.854904
84.707169,144.815002
85.036461,144.774277
85.366333,144.733017
85.695457,144.690903
86.025085,144.647705
86.353882,144.603363
86.683258,144.558258
87.011841,144.512207
87.340996,144.465561
87.669373,144.418060
87.998322,144.369995
88.326492,144.321121
88.655258,144.271683
88.983253,144.221481
89.311806,144.170731
89.639587,144.119186
89.967918,144.067078
90.295479,144.014160
90.623512,143.960175
90.950684,143.905060
91.278397,143.849182
91.605293,143.792419
91.932739,143.735016
92.259392,143.676804
92.586609,143.617996
92.913017,143.558411
93.239990,143.498291
93.566162,143.437393
93.892891,143.375931
94.218803,143.313705
94.545280,143.250900
94.870934,143.187302
95.197029,143.122620
95.522232,143.056870
95.847946,142.990326
96.172829,142.922913
96.498238,142.854858
96.822807,142.786026
97.147919,142.716599
97.472206,142.646408
97.797050,142.575638
98.121040,142.504135
98.445595,142.432022
98.769295,142.359177
99.093544,142.285721
99.416817,142.210999
99.740532,142.135345
100.063370,142.058746
100.386696,141.981445
100.709175,141.903336
101.032166,141.824585
101.354301,141.745102
101.676964,141.665009
101.998779,141.584198
102.321114,141.502792
102.642593,141.420715
102.964607,141.338028
103.285767,141.254623
103.607430,141.170609
103.928093,141.085373
104.249176,140.999191
104.569336,140.912094
104.889969,140.824280
105.209724,140.735703
105.529976,140.646469
105.849350,140.556534
106.169235,140.465973
106.488243,140.374741
106.807739,140.282883
107.126381,140.190353
107.445526,140.097229
107.763786,140.003403
108.082550,139.908936
108.400261,139.813324
108.718353,139.716721
109.035507,139.619247
109.353111,139.521042
109.669800,139.422089
109.986969,139.322464
110.303238,139.222153
110.619995,139.121216
110.935860,139.019608
111.252205,138.917374
111.567657,138.814499
111.883583,138.710968
112.198601,138.606781
112.513901,138.501450
112.828201,138.395111
113.142876,138.287933
113.456619,138.179977
113.770805,138.071304
114.084068,137.961960
114.397789,137.851944
114.710602,137.741287
115.023865,137.630005
115.336227,137.518097
115.649048,137.405548
115.960968,137.292389
116.273338,137.178574
116.584785,137.064148
116.896484,136.948563
117.207115,136.832001
117.518135,136.714600
117.828178,136.596481
118.138672,136.477631
118.448204,136.358124
118.758163,136.237946
119.067207,136.117157
119.376678,135.995712
119.685219,135.873688
119.994217,135.751007
120.302269,135.627747
120.610756,135.503799
120.918304,135.379257
121.225914,135.253220
121.532310,135.125946
121.838959,134.997589
122.144539,134.868393
122.450439,134.738281
122.755333,134.607407
123.060555,134.475708
123.364769,134.343292
123.669365,134.210068
123.972923,134.076157
124.276855,133.941452
124.579765,133.806046
124.883026,133.669846
125.185249,133.532913
125.486732,133.393036
125.786354,133.250763
126.085732,133.106552
126.383652,132.960754
126.681503,132.813370
126.977974,132.664627
127.274437,132.514420
127.569557,132.362961
127.864662,132.210098
128.158447,132.056015
128.452225,131.900558
128.744659,131.743881
129.037033,131.585770
129.328018,131.426392
129.617783,131.263748
129.905258,131.098434
130.192093,130.930771
130.477142,130.761246
130.761734,130.589752
131.044632,130.416656
131.327179,130.241730
131.608047,130.065292
131.888580,129.887085
132.167450,129.707458
132.445969,129.526077
132.722794,129.343277
132.999222,129.158676
133.273849,128.972610
133.547073,128.783478
133.817810,128.591980
134.087708,128.398178
134.355576,128.202637
134.622757,128.005112
134.888077,127.806061
135.152771,127.605156
135.415619,127.402832
135.677902,127.198715
135.938339,126.993256
136.198196,126.786034
136.456161,126.577461
136.713516,126.367096
136.968872,126.155357
137.222687,125.940865
137.473907,125.724380
137.724152,125.505768
137.972244,125.285667
138.219543,125.063705
138.464828,124.840454
138.709381,124.615440
138.951996,124.389236
139.193909,124.161339
139.433884,123.932312
139.673157,123.701622
139.910477,123.469810
140.147034,123.236328
140.381546,123.001686
140.614319,122.764511
140.844391,122.525642
141.073303,122.284790
141.300018,122.042671
141.525665,121.798744
141.749435,121.553993
141.972458,121.307617
142.193390,121.060181
142.413498,120.811142
142.631607,120.561172
142.848907,120.309639
143.064178,120.057205
143.278580,119.803192
143.490891,119.548271
143.701202,119.290977
143.908417,119.032188
144.114639,118.771690
144.318848,118.510239
144.521851,118.247078
144.722549,117.982986
144.922211,117.717300
145.119781,117.450859
145.316422,117.182907
145.511017,116.914253
145.704697,116.644119
145.896301,116.373314
146.086945,116.101036
146.275467,115.828041
146.461761,115.552872
146.645111,115.276520
146.826965,114.998413
147.006454,114.719513
147.184708,114.439056
147.361404,114.158180
147.536270,113.875450
147.708481,113.592026
147.879807,113.307343
148.049774,113.022690
148.218613,112.736580
148.384781,112.449402
148.549744,112.160583
148.712677,111.871284
148.873535,111.580322
149.031357,111.288544
149.187500,110.995186
149.341171,110.701279
149.493515,110.405937
149.643570,110.110146
149.792389,109.813004
149.939041,109.515495
150.084503,109.216690
150.227844,108.917549
150.370010,108.617134
150.510040,108.316422
150.648834,108.014435
150.785416,107.712128
150.919388,107.408051
151.050201,107.103325
151.179199,106.797127
151.306061,106.490463
151.430771,106.182442
151.553665,105.874420
151.675522,105.565239
151.795074,105.255753
151.913193,104.944984
152.029053,104.634048
152.143570,104.321938
152.255905,104.009705
152.366852,103.696335
152.475525,103.382858
152.581436,103.068092
152.683823,102.752823
152.784805,102.436188
152.883453,102.119385
152.980270,101.801384
153.074539,101.483368
153.167252,101.164246
153.257706,100.845131
153.346741,100.524956
153.433594,100.204849
153.519089,99.883690
153.602402,99.562607
153.684296,99.240479
153.763962,98.918457
153.840729,98.595154
153.914291,98.271774
153.985840,97.947281
154.054840,97.622879
154.122162,97.297462
154.187180,96.972206
154.250656,96.645996
154.311920,96.319977
154.372162,95.993065
154.429749,95.666359
154.485611,95.338814
154.539764,95.011574
154.592422,94.683418
154.643127,94.355698
154.690399,94.026894
154.733978,93.697983
154.775833,93.368233
154.815292,93.038895
154.852997,92.708702
154.888397,92.378906
154.922180,92.048286
154.953781,91.718086
154.983841,91.387077
155.011765,91.056519
155.038162,90.725182
155.062439,90.394318
155.085129,90.062691
155.105667,89.731583
155.124329,89.399727
155.140762,89.068398
155.155716,88.736343
155.168747,88.404854
155.180450,88.072655
155.190384,87.741035
155.199081,87.408730
155.206085,87.077019
155.211884,86.744659
155.216034,86.412895
155.219025,86.080490
155.220352,85.748703
155.220444,85.416275
155.218842,85.084503
155.217575,84.752052
155.216095,84.420212
155.214508,84.087746
155.212280,83.755913
155.209824,83.423439
155.206711,83.091621
155.203339,82.759171
155.199310,82.427361
155.195038,82.094933
155.190125,81.763153
155.184967,81.430733
155.179169,81.098984
155.173111,80.766586
155.166367,80.434860
155.160538,80.102470
155.155060,79.770714
155.150070,79.438301
155.145050,79.106544
155.140381,78.774117
155.135620,78.442352
155.131195,78.109924
155.126663,77.778160
155.122452,77.445732
155.118134,77.113960
155.114151,76.781525
155.110031,76.449753
155.106232,76.117310
155.102631,75.785530
155.099548,75.453079
155.096497,75.121292
155.093872,74.788834
155.091248,74.457039
155.089020,74.124580
155.086761,73.792778
155.084915,73.460320
155.083008,73.128517
155.081497,72.796059
155.079941,72.464249
155.078796,72.131783
155.077591,71.799980
155.076797,71.467506
155.075851,71.135704
155.075165,70.803238
155.074356,70.471436
155.073868,70.138969
155.073242,69.807175
155.072937,69.474709
155.072479,69.142906
155.072342,68.810440
155.072052,68.478638
155.072083,68.146172
155.071976,67.814369
155.072159,67.481911
155.072220,67.150101
155.072449,66.817642
155.072418,66.485832
155.072601,66.153374
155.072571,65.821564
155.072784,65.489105
155.072784,65.157295
155.072998,64.824837
155.072998,64.493034
155.073242,64.160568
155.073273,63.828762
155.073547,63.496304
155.073593,63.164497
155.073883,62.832035
155.073944,62.500229
155.074188,62.167767
155.074173,61.835960
155.074326,61.503498
155.074265,61.171692
155.074387,60.839233
155.074280,60.507427
155.074387,60.174965
155.074234,59.843159
155.074310,59.510696
155.074112,59.178890
155.074142,58.846428
155.073944,58.514622
155.073944,58.182163
155.073700,57.850357
155.073654,57.517895
155.073380,57.186089
155.073303,56.853626
155.072998,56.521820
155.072906,56.189358
155.072571,55.857552
155.072464,55.525093
155.072098,55.193283
155.071945,54.860825
155.071548,54.529018
155.071381,54.196556
155.070969,53.864750
155.070770,53.532288
155.070343,53.200481
155.070145,52.868023
155.069717,52.536213
155.069504,52.203754
155.069061,51.871948
155.068848,51.539486
155.068420,51.207680
155.068192,50.875217
155.067734,50.543411
155.067520,50.210953
155.067047,49.879143
155.066818,49.546684
155.066345,49.214878
155.066116,48.882416
155.065659,48.550610
155.065414,48.218147
155.064972,47.886341
155.064728,47.553883
155.064270,47.222073
155.064041,46.889614
155.063583,46.557808
155.063354,46.225346
155.062897,45.893539
155.062668,45.561077
155.062225,45.229271
155.062012,44.896809
155.061554,44.565002
155.061340,44.232544
155.060898,43.900738
155.060684,43.568275
155.060242,43.236469
155.060013,42.904007
155.059586,42.572201
155.059387,42.239738
155.058945,41.907932
155.058746,41.575474
155.058319,41.243668
155.058105,40.911198
155.057678,40.579388
155.057480,40.246922
155.057053,39.915108
155.056854,39.582642
155.056427,39.250832
155.056244,38.918365
155.055817,38.586555
155.055618,38.254089
155.055206,37.922276
155.055023,37.589809
155.054596,37.257999
155.054398,36.925533
155.054001,36.593723
155.053802,36.261257
155.053391,35.929443
155.053207,35.596981
155.052795,35.265167
155.052612,34.932701
155.052200,34.600891
155.052017,34.268425
155.051605,33.936611
155.051407,33.604149
155.050995,33.272335
155.050812,32.939869
155.050385,32.608059
155.050201,32.275593
155.049789,31.943781
155.049606,31.611315
155.049194,31.279503
155.049011,30.947039
155.048584,30.615227
155.048401,30.282761
155.047989,29.950949
155.047806,29.618483
155.047379,29.286673
155.047195,28.954206
155.046768,28.622395
155.046585,28.289928
155.046173,27.958117
155.045990,27.625650
155.045563,27.293840
155.045380,26.961374
155.044952,26.629562
155.044769,26.297096
155.044357,25.965284
155.044159,25.632820
155.043747,25.301008
155.043564,24.968542
155.043137,24.636730
155.042953,24.304264
155.042542,23.972452
155.042343,23.639988
155.041946,23.308176
155.041748,22.975710
155.041336,22.643898
155.041122,22.311432
155.040726,21.979622
155.040512,21.647156
155.040115,21.315359
155.039932,20.982967
155.039520,20.651302
155.039337,20.319038
155.038910,19.987471
155.038727,19.655272
155.038300,19.323742
155.038116,18.991550
155.037704,18.660002
155.037521,18.327768
155.037109,17.996161
155.036896,17.663855
155.036484,17.332165
155.036285,16.999775
155.035858,16.668001
155.035675,16.335533
155.035248,16.003689
155.035049,15.671160
155.034622,15.339267
155.034424,15.006701
155.033997,14.674783
155.033798,14.342204
155.028778,14.010544
155.019989,13.678360
155.008270,13.346915
154.994476,13.014918
154.978439,12.683674
154.960724,12.351887
154.941010,12.020859
154.919739,11.689285
154.896576,11.358478
154.871887,11.027125
154.845367,10.696546
154.817337,10.365428
154.787445,10.035102
154.755966,9.704259
154.722549,9.374237
154.681366,9.045218
154.630402,8.718960
154.572464,8.393370
154.508484,8.069503
154.439301,7.745988
154.365051,7.424159
154.286057,7.102639
154.202393,6.782737
154.114227,6.463220
154.021545,6.145457
153.924454,5.828211
153.822906,5.512872
153.716904,5.198233
153.606323,4.885670
153.491104,4.574004
153.366272,4.268023
153.230301,3.967512
153.083954,3.673609
152.928253,3.384187
152.764648,3.099735
152.593613,2.818801
152.415588,2.542601
152.230438,2.269957
152.038971,2.001857
151.841263,1.737045
151.637558,1.477088
151.427658,1.220962
151.212128,0.970006
150.990677,0.723213
150.763687,0.481916
150.530594,0.245346
150.289612,0.019803
150.039597,-0.193744
149.781525,-0.393730
149.515366,-0.582717
149.242783,-0.761399
148.963608,-0.931442
148.679123,-1.092324
148.388931,-1.245138
148.094238,-1.389132
147.794525,-1.525218
147.490997,-1.652612
147.183105,-1.772168
146.872116,-1.883008
146.557236,-1.985702
146.239853,-2.079523
145.919388,-2.165294
145.597092,-2.241940
145.272278,-2.309802
144.946320,-2.367956
144.618347,-2.420800
144.289658,-2.467890
143.959503,-2.509287
143.629150,-2.544372
143.297836,-2.573901
142.966766,-2.597355
142.634903,-2.615368
142.303558,-2.627502
141.971603,-2.634323
141.640350,-2.635390
141.308655,-2.631162
140.977829,-2.621150
140.646759,-2.605674
140.316757,-2.584168
139.985687,-2.564894
139.654709,-2.546951
139.322922,-2.529026
138.991760,-2.510211
138.659927,-2.490615
138.328812,-2.469778
137.997070,-2.448035
137.666077,-2.425024
137.334473,-2.401103
137.003616,-2.375925
136.672165,-2.349832
136.341476,-2.322469
136.010208,-2.294149
135.679443,-2.268710
135.347809,-2.245930
135.016724,-2.224508
134.684906,-2.204402
134.353714,-2.185074
134.021820,-2.166792
133.690536,-2.149136
133.358582,-2.132450
133.027237,-2.116340
132.695206,-2.101176
132.363800,-2.086575
132.031693,-2.072924
131.700195,-2.059851
131.368027,-2.047768
131.036469,-2.036936
130.704193,-2.027564
130.372543,-2.019042
130.040176,-2.011677
129.708481,-2.005002
129.376068,-1.999392
129.044312,-1.994407
128.711868,-1.990447
128.380081,-1.987080
128.047623,-1.984726
127.715805,-1.982956
127.383324,-1.982212
127.051498,-1.982078
126.719009,-1.982325
126.387184,-1.982559
126.054703,-1.983330
125.722878,-1.984221
125.390396,-1.985688
125.058594,-1.987280
124.726120,-1.989442
124.394310,-1.991716
124.061859,-1.994550
123.730072,-1.997487
123.397621,-2.000981
123.065849,-2.004579
122.733414,-2.008741
122.401634,-2.013020
122.069229,-2.017143
121.737450,-2.020750
121.405006,-2.024458
121.073227,-2.027863
120.740791,-2.031452
120.409004,-2.034780
120.076561,-2.038309
119.744751,-2.041586
119.412315,-2.045069
119.080505,-2.048303
118.748062,-2.051745
118.416260,-2.054938
118.083817,-2.058340
117.752007,-2.061495
117.419571,-2.064858
117.087761,-2.067975
116.755318,-2.071301
116.423515,-2.074378
116.091202,-2.074056
115.759567,-2.070466
115.427299,-2.064950
115.095734,-2.057473
114.763565,-2.048659
114.432137,-2.038213
114.100075,-2.026425
113.768631,-2.013064
113.436440,-1.998863
113.104897,-1.983130
112.772758,-1.966260
112.441391,-1.947978
112.109413,-1.928662
111.777969,-1.907863
111.445671,-1.885903
111.115211,-1.855911
110.785851,-1.816851
110.459732,-1.767052
110.135323,-1.707477
109.813126,-1.639912
109.491638,-1.565420
109.172234,-1.484305
108.853729,-1.396973
108.537498,-1.303548
108.222305,-1.204191
107.909401,-1.099064
107.597572,-0.988222
107.288208,-0.871681
106.980171,-0.749378
106.674942,-0.621317
106.371483,-0.487292
106.074821,-0.343028
105.785057,-0.186959
105.502472,-0.020688
105.224968,0.154918
104.953163,0.338553
104.685661,0.529918
104.423668,0.728404
104.166000,0.934010
103.913803,1.145954
103.666107,1.364549
103.424164,1.589103
103.187019,1.819945
102.955971,2.056375
102.730194,2.298830
102.510986,2.546628
102.297752,2.800380
102.096825,3.061130
101.908501,3.329885
101.730751,3.604708
101.561264,3.885671
101.400253,4.171354
101.246384,4.462111
101.100235,4.756711
100.960701,5.055676
100.828438,5.357812
100.702400,5.663734
100.583282,5.972234
100.470070,6.283989
100.363441,6.597776
100.262459,6.914305
100.167831,7.232395
100.078651,7.552823
99.995522,7.874341
99.917656,8.197803
99.845703,8.521994
99.778931,8.847815
99.717964,9.174048
99.662178,9.501667
99.612206,9.829474
99.567574,10.158475
99.528999,10.487437
99.496132,10.817401
99.466415,11.147214
99.439316,11.477988
99.415756,11.808443
99.395264,12.139741
99.378365,12.470635
99.364487,12.802322
99.354080,13.133543
99.346619,13.465511
99.342537,13.796947
99.341362,14.129077
99.343582,14.460608
99.348770,14.792767
99.357422,15.124246
99.364693,15.456563
99.371391,15.788432
99.378044,16.121027
99.385353,16.452990
99.393028,16.785591
99.401550,17.117508
99.410484,17.450041
99.420280,17.781866
99.430504,18.114292
99.441566,18.446005
99.453056,18.778315
99.465363,19.109909
99.478104,19.442104
99.491707,19.773584
99.503250,20.105753
99.513474,20.437304
99.522583,20.769545
99.531189,21.101130
99.539001,21.433388
99.546471,21.764992
99.553253,22.097275
99.559753,22.428911
99.565567,22.761230
99.571121,23.092909
99.575996,23.425276
99.580605,23.757002
99.584511,24.089413
99.588135,24.421186
99.590721,24.753637
99.592804,25.085442
99.594063,25.417921
99.594986,25.749748
99.595184,26.082245
99.595085,26.414083
99.594276,26.746582
99.593224,27.078421
99.591469,27.410912
99.589462,27.742739
99.586754,28.075216
99.583786,28.407028
99.580093,28.739485
99.576591,29.071281
99.572769,29.403730
99.569031,29.735514
99.564880,30.067949
99.560753,30.399725
99.556221,30.732151
99.551720,31.063913
99.546814,31.396330
99.541954,31.728088
99.536674,32.060497
99.531456,32.392250
99.525818,32.724655
99.520233,33.056404
99.514214,33.388809
99.508644,33.720562
99.502983,34.052975
99.497627,34.384739
99.492081,34.717159
99.486794,35.048927
99.481300,35.381351
99.476036,35.713123
99.470566,36.045551
99.465332,36.377323
99.459877,36.709751
99.454674,37.041527
99.449249,37.373955
99.444061,37.705727
99.438774,38.038155
99.433846,38.369926
99.428764,38.702354
99.423965,39.034130
99.418999,39.366558
99.414337,39.698330
99.409492,40.030758
99.404922,40.362534
99.400177,40.694965
99.395714,41.026737
99.391083,41.359165
99.386726,41.690941
99.382187,42.023373
99.377937,42.355152
99.372292,42.687557
99.365898,43.019287
99.358612,43.351665
99.351013,43.683372
99.342682,44.015720
99.334129,44.347401
99.324898,44.679726
99.315468,45.011379
99.305382,45.343681
99.295097,45.675312
99.284149,46.007587
99.273026,46.339191
99.261200,46.671440
99.245895,47.002728
99.227173,47.334476
99.206375,47.665424
99.183327,47.996899
99.158730,48.327595
99.132149,48.658817
99.104195,48.989258
99.074341,49.320217
99.043175,49.650398
99.010124,49.981094
98.975746,50.310989
98.939453,50.641373
98.901756,50.970936
98.859428,51.300453
98.813629,51.628777
98.764526,51.957310
98.713036,52.284809
98.658730,52.612553
98.602341,52.939278
98.543297,53.266243
98.482315,53.592182
98.418739,53.918327
98.353233,54.243431
98.285118,54.568699
98.215050,54.892879
98.142250,55.217155
98.065849,55.539780
97.985535,55.862114
97.902596,56.183090
97.816551,56.503967
97.728310,56.823563
97.637192,57.143085
97.544067,57.461338
97.448181,57.779491
97.350342,58.096367
97.249771,58.413105
97.147270,58.728519
97.041977,59.043739
96.934654,59.357563
96.823395,59.670628
96.709389,59.981972
96.592247,60.292870
96.473007,60.602276
96.350945,60.911312
96.227051,61.218906
96.100449,61.526142
95.972115,61.831936
95.841164,62.137371
95.708504,62.441360
95.573219,62.744926
95.436218,63.046986
95.296509,63.348545
95.154060,63.647968
95.008240,63.946503
94.860420,64.243301
94.709801,64.539467
94.557518,64.834030
94.402626,65.128014
94.246193,65.420441
94.087273,65.712288
93.926895,66.002594
93.764030,66.292305
93.599747,66.580437
93.432938,66.867920
93.264648,67.153732
93.092789,67.438110
92.918739,67.720352
92.741852,68.001602
92.563354,68.281059
92.382294,68.559685
92.199860,68.836617
92.014977,69.112755
91.828827,69.387230
91.640297,69.660912
91.450523,69.932930
91.258400,70.204132
91.065018,70.473610
90.869217,70.742180
90.671120,71.008110
90.469887,71.272484
90.267059,71.534782
90.061646,71.795937
89.854927,72.055222
89.645828,72.313477
89.435562,72.569931
89.223000,72.825371
89.009346,73.079056
88.793427,73.331711
88.576454,73.582581
88.357208,73.832375
88.136856,74.080299
87.913223,74.326050
87.687798,74.569221
87.459755,74.810860
87.230476,75.050407
86.998833,75.288643
86.766159,75.524933
86.531235,75.759964
86.295380,75.993111
86.057343,76.225029
85.818413,76.455078
85.577332,76.683861
85.335358,76.910728
85.091202,77.136215
84.845253,77.358627
84.596504,77.578865
84.346550,77.796715
84.094254,78.012939
83.841064,78.227051
83.585701,78.439659
83.329536,78.650261
83.071297,78.859421
82.812332,79.066628
82.551323,79.272377
82.289619,79.476158
82.025887,79.678429
81.761444,79.878639
81.494186,80.076065
81.225662,80.270592
80.954849,80.463074
80.683220,80.653259
80.409523,80.841675
80.135178,81.027969
79.858871,81.212593
79.582008,81.395172
79.303246,81.576118
79.023972,81.755051
78.742828,81.932304
78.461189,82.107498
78.177666,82.280945
77.892998,82.450996
77.605995,82.618347
77.318275,82.783134
77.028587,82.945839
76.738403,83.106300
76.446396,83.264862
76.153992,83.421295
75.859840,83.575905
75.565346,83.728462
75.269150,83.879204
74.972656,84.027878
74.674469,84.174683
74.375977,84.319344
74.075783,84.461998
73.774834,84.601257
73.471886,84.737686
73.168510,84.871521
72.863419,85.003113
72.558075,85.132439
72.251114,85.259689
71.943970,85.384773
71.635284,85.507843
71.326469,85.628777
71.016129,85.747696
70.705688,85.864464
70.393738,85.979103
70.081673,86.091461
69.767784,86.200424
69.453590,86.306335
69.137794,86.409653
68.821930,86.510544
68.504608,86.609131
68.187302,86.705498
67.868614,86.799667
67.549980,86.891685
67.230026,86.981522
66.910164,87.069237
66.588997,87.154747
66.267944,87.238037
65.945602,87.318962
65.623184,87.396454
65.299355,87.470772
64.975624,87.542480
64.650635,87.611626
64.325844,87.678482
63.999870,87.742989
63.674149,87.805344
63.347298,87.865387
63.020741,87.923340
62.693089,87.978989
62.365761,88.032524
62.037365,88.083679
61.709320,88.132584
61.380138,88.177849
61.051258,88.220078
60.721336,88.259483
60.391815,88.296524
60.061325,88.331024
59.731289,88.363380
59.400326,88.393326
59.069847,88.421219
58.738491,88.446747
58.407650,88.470230
58.075966,88.491333
57.744827,88.510361
57.412880,88.526863
57.081497,88.542076
56.749344,88.555672
56.417801,88.567986
56.085510,88.578644
55.753845,88.588043
55.421463,88.595825
55.089722,88.602448
54.757282,88.607491
54.425495,88.611404
54.093037,88.613754
53.761250,88.614990
53.428791,88.614639
53.097019,88.613121
52.764565,88.611885
52.432747,88.611160
52.100262,88.610123
51.768440,88.609116
51.435970,88.607643
51.104164,88.606133
50.771709,88.604111
50.439911,88.602051
50.107456,88.599503
49.775669,88.596909
49.443222,88.593857
49.111443,88.590767
48.779011,88.587204
48.447239,88.583611
48.114807,88.579521
47.783039,88.575401
47.450623,88.570770
47.118847,88.567223
46.786400,88.564140
46.454605,88.561707
46.122143,88.559372
45.790344,88.557556
45.457890,88.555771
45.126080,88.554443
44.793617,88.553131
44.461807,88.552292
44.129345,88.551453
43.797527,88.551079
43.465069,88.550713
43.133255,88.550827
42.801338,88.557091
42.470695,88.571190
42.139706,88.590309
41.809605,88.613800
41.479095,88.640846
41.149490,88.671501
40.819500,88.705292
40.490429,88.742416
40.160988,88.782509
39.832504,88.825821
39.503689,88.872032
39.175884,88.921402
38.847824,88.973717
38.520866,89.029243
38.193768,89.087875
37.869999,89.155518
37.548958,89.233749
37.232018,89.322250
36.917305,89.419662
36.605629,89.524734
36.295582,89.636841
35.988415,89.755562
35.682884,89.880699
35.380318,90.011978
35.079517,90.149391
34.781849,90.292702
34.486179,90.441994
34.193924,90.597038
33.904026,90.758064
33.617981,90.924858
33.334839,91.097809
33.060036,91.280235
32.793297,91.473183
32.533756,91.674355
32.279488,91.883270
32.031303,92.098824
31.787933,92.321083
31.550468,92.549179
31.317783,92.783379
31.091026,93.022896
30.869160,93.268112
30.653368,93.518242
30.442699,93.773735
30.238382,94.033798
30.039597,94.298988
29.847652,94.568497
29.661909,94.842979
29.488071,95.122902
29.325512,95.409019
29.172831,95.699715
29.028164,95.995308
28.891819,96.294464
28.762627,96.597725
28.641203,96.903885
28.526567,97.213608
28.419386,97.525703
28.318783,97.840919
28.225426,98.158012
28.138544,98.477829
28.058805,98.799088
27.985531,99.122643
27.919426,99.447235
27.859926,99.773758
27.807791,100.100937
27.762625,100.429665
27.725304,100.758659
27.691452,101.089020
27.661642,101.419464
27.635815,101.750923
27.614590,102.082130
27.597425,102.414139
27.584785,102.745712
27.576101,103.077972
27.571806,103.409645
27.571405,103.741882
27.575336,104.073395
27.583185,104.405380
27.595436,104.736519
27.611795,105.068031
27.626810,105.399155
27.640612,105.731201
27.654755,106.062653
27.669285,106.394760
27.684753,106.726181
27.700842,107.058228
27.717951,107.389557
27.735701,107.721512
27.754463,108.052750
27.773857,108.384605
27.794260,108.715759
27.815310,109.047508
27.837379,109.378555
27.860144,109.710205
27.880627,110.041298
27.898935,110.373192
27.916189,110.704498
27.932323,111.036530
27.947861,111.367928
27.962494,111.700027
27.976645,112.031479
27.989950,112.363640
28.002804,112.695152
28.014832,113.027359
28.026415,113.358925
28.037157,113.691193
28.047434,114.022789
28.056425,114.355103
28.064667,114.686768
28.071907,115.019135
28.078617,115.350861
28.084433,115.683266
28.089792,116.015015
28.094301,116.347450
28.098396,116.679237
28.101660,117.011688
28.104527,117.343483
28.106567,117.675941
28.108210,118.007751
28.109011,118.340225
28.109385,118.672020
28.109505,119.004501
28.109760,119.336304
28.109604,119.668777
28.109449,120.000595
28.108839,120.333061
28.108219,120.664871
28.107143,120.997337
28.106064,121.329140
28.104530,121.661606
28.102995,121.993416
28.101009,122.325859
28.099020,122.657661
28.096569,122.990112
28.094612,123.321915
28.092621,123.654366
28.090946,123.986160
28.089098,124.318611
28.087507,124.650406
28.085712,124.982857
28.084160,125.314659
28.082399,125.647125
28.080879,125.978920
28.079147,126.311394
28.077656,126.643188
28.075956,126.975662
28.074497,127.307457
28.072826,127.639931
28.071396,127.971725
28.069756,128.304184
28.068352,128.635986
28.066874,128.968460
28.065748,129.300262
28.064489,129.632721
28.063530,129.964523
28.062416,130.296982
28.061592,130.628799
28.060610,130.961258
28.059912,131.293060
28.059050,131.625519
28.058474,131.957336
28.057734,132.289795
28.057278,132.621597
28.056662,132.954056
28.056309,133.285873
28.055769,133.618332
28.055492,133.950134
28.055033,134.282593
28.054836,134.614395
28.054451,134.946869
28.054321,135.278656
28.054010,135.611130
28.053957,135.942932
28.053713,136.275391
28.053728,136.607193
28.053555,136.939667
28.053637,137.271469
28.053535,137.603928
28.053640,137.935730
28.053513,138.268204
28.053610,138.599991
28.053486,138.932465
28.053591,139.264267
28.053480,139.596741
28.053598,139.928528
28.053501,140.261002
28.053627,140.592804
28.053541,140.925278
28.053680,141.257065
28.053606,141.589539
28.053759,141.921341
28.053669,142.253799
28.053789,142.585602
28.053679,142.918076
28.053783,143.249863
28.053661,143.582336
28.053757,143.914139
28.053625,144.246613
28.053711,144.578400
28.053568,144.910873
28.053642,145.242676
28.053493,145.575150
28.053558,145.906937
28.053400,146.239410
28.053453,146.571213
28.053280,146.903671
28.053320,147.235474
28.053135,147.567947
28.053165,147.899750
28.052971,148.232208
28.052988,148.564011
28.052780,148.896484
28.052792,149.228271
28.052574,149.560745
28.052578,149.892548
28.052355,150.225021
28.052351,150.556808
28.052124,150.889282
28.052114,151.221085
28.051880,151.553558
28.051865,151.885345
28.051620,152.217819
28.051598,152.549622
28.051350,152.882080
28.051321,153.213882
28.051064,153.546356
28.051033,153.878143
28.050777,154.210617
28.050743,154.542419
28.050489,154.874893
28.050455,155.206680
28.050198,155.539154
28.050165,155.870956
28.049906,156.203430
28.049873,156.535217
28.049616,156.867691
28.049580,157.199493
28.049324,157.531952
28.049282,157.863754
28.049021,158.196228
28.048981,158.528030
28.048719,158.860489
28.048685,159.192291
28.048429,159.524765
28.048395,159.856552
28.048143,160.189026
28.048113,160.520828
28.047859,160.853302
28.047829,161.185089
28.047577,161.517563
28.047548,161.849365
28.047297,162.181839
28.047264,162.513626
28.047014,162.846100
28.046988,163.177902
28.046736,163.510361
28.046709,163.842178
28.046459,164.174652
28.046431,164.506454
28.046186,164.838928
28.046162,165.170746
28.045918,165.503204
28.045893,165.835022
28.045649,166.167480
28.045628,166.499298
28.045383,166.831757
28.045361,167.163574
28.045115,167.496033
28.045095,167.827850
28.044851,168.160309
28.044830,168.492126
28.044586,168.824585
28.044565,169.156403
28.044321,169.488861
28.044302,169.820679
28.044058,170.153137
28.044037,170.484955
28.043793,170.817413
28.043774,171.149231
28.043530,171.481689
28.043510,171.813507
28.043266,172.145966
28.043247,172.477783
28.043003,172.810257
28.042982,173.142059
28.042738,173.474533
28.042719,173.806351
28.042475,174.138809
28.042456,174.470627
28.042212,174.803085
28.042192,175.134903
28.042532,175.467361
28.043571,175.799179
28.044725,176.131638
28.046379,176.463455
28.048063,176.795914
28.050194,177.127716
28.052326,177.460175
28.054892,177.791962
28.057446,178.124435
28.060425,178.456223
28.063391,178.788712
28.066782,179.120483
28.070164,179.452927
28.073971,179.784729
28.082188,180.116852
28.094677,180.448135
28.109867,180.779953
28.127644,181.111008
28.147373,181.442612
28.169291,181.773453
28.192944,182.104813
28.218632,182.435410
28.245968,182.766541
28.275269,183.096893
28.306183,183.427750
28.339046,183.757812
28.373558,184.088394
28.410070,184.418106
28.448341,184.748291
28.492931,185.076630
28.543112,185.404663
28.597771,185.731339
28.656130,186.058044
28.718092,186.383453
28.783278,186.708923
28.851759,187.033096
28.923275,187.357315
28.997946,187.680237
29.075581,188.003128
29.156315,188.324661
29.240042,188.646133
29.326914,188.966110
29.416922,189.285919
29.513170,189.602890
29.614935,189.918625
29.721243,190.232254
29.831621,190.545197
29.945791,190.856155
30.063576,191.166473
30.184826,191.474838
30.309486,191.782578
30.437426,192.088318
30.568651,192.393417
30.703051,192.696487
30.840712,192.998779
30.981533,193.298996
31.125690,193.598312
31.273127,193.895370
31.428432,194.188049
31.592098,194.474564
31.762482,194.757706
31.938416,195.036789
32.119690,195.313293
32.305687,195.586044
32.496506,195.856415
32.691647,196.123108
32.891346,196.387375
33.095112,196.648010
33.303268,196.906128
33.515316,197.160507
33.731670,197.412170
33.951851,197.659821
34.176373,197.904449
34.407887,198.139923
34.647911,198.365692
34.895943,198.579422
35.151939,198.783432
35.414062,198.978653
35.682373,199.167007
35.955589,199.348038
36.234070,199.523010
36.516747,199.691208
36.804703,199.854034
37.097645,200.011169
37.397015,200.163803
37.702053,200.311539
38.013924,200.455078
38.331665,200.593964
38.656311,200.728683
38.986912,200.858780
39.324364,200.984573
39.667782,201.105713
40.017925,201.222275
40.373997,201.333923
40.736633,201.440643
41.105125,201.542007
41.479973,201.637802
41.860588,201.727539
42.247349,201.810699
42.639706,201.885712
43.037910,201.952927
43.441544,202.012726
43.850693,202.065292
44.264988,202.110596
44.684418,202.148682
45.108658,202.179367
45.537613,202.202515
45.971016,202.217834
46.408676,202.224915
46.850307,202.223206
47.296299,202.218842
47.746651,202.212326
48.201176,202.203003
48.659729,202.190781
49.122227,202.175644
49.588573,202.157547
50.058704,202.136505
50.532543,202.112411
51.010010,202.085205
51.491020,202.054657
51.975731,202.025421
52.464180,201.998047
52.956333,201.972061
53.452148,201.947495
53.951599,201.924316
54.454643,201.902573
54.961235,201.882355
55.471329,201.863739
55.984882,201.846832
56.501835,201.832199
57.022163,201.819885
57.545818,201.809769
58.072758,201.801819
58.602940,201.796036
59.136307,201.792435
59.672832,201.791046
60.212456,201.791992
60.755131,201.795425
61.300850,201.800018
61.849583,201.805481
62.401302,201.811874
62.955959,201.819092
63.513535,201.827072
64.073975,201.835754
64.637253,201.845154
65.203346,201.855270
65.772224,201.865234
66.343864,201.874832
66.918243,201.884140
67.495323,201.893066
68.075081,201.901520
68.657486,201.909531
69.242500,201.916992
69.830116,201.923828
70.420288,201.930069
71.012993,201.935745
71.608200,201.940811
72.205879,201.945282
72.806023,201.949219
73.408577,201.952530
74.013527,201.955231
74.620850,201.957596
75.230515,201.959717
75.842499,201.961624
76.456772,201.963272
77.073311,201.964798
77.692101,201.966141
78.313103,201.967361
78.936302,201.968414
79.561676,201.969559
80.189186,201.970810
80.818817,201.972198
81.450508,201.973770
82.084137,201.975525
82.719528,201.977463
83.356491,201.979645
83.994751,201.982025
84.634048,201.984650
85.274101,201.987442
85.914589,201.990402
86.555260,201.993576
87.195816,201.996933
87.836052,202.000504
88.475723,202.004150
89.114677,202.007874
89.752769,202.011612
90.389931,202.015411
91.026100,202.019257
91.661278,202.023102
92.295509,202.026962
92.928825,202.030762
93.561333,202.034500
94.193130,202.038193
94.824356,202.041809
95.455132,202.045349
96.085587,202.048828
96.715866,202.052200
97.346069,202.055038
97.976357,202.057281
98.606804,202.058868
99.237488,202.059799
99.868492,202.060059
100.499863,202.059540
101.131645,202.058243
101.763786,202.054504
102.396286,202.048050
103.029121,202.038803
103.662262,202.026657
104.295685,202.011475
104.929291,201.993118
105.563034,201.971359
106.196793,201.945831
106.830444,201.915848
107.463913,201.881302
108.097115,201.842178
108.729980,201.798477
109.362411,201.750031
109.994331,201.696640
110.625626,201.637909
111.256256,201.574188
111.886246,201.505692
112.515556,201.432495
113.144135,201.354706
113.772011,201.272324
114.399101,201.185272
115.025352,201.093353
115.650856,200.997070
116.275650,200.896713
116.899765,200.792374
117.523193,200.684174
118.145958,200.572205
118.768051,200.456467
119.389427,200.336838
120.010101,200.213440
120.630104,200.086395
121.249458,199.955856
121.868149,199.821930
122.486176,199.684631
123.103531,199.543945
123.720161,199.399796
124.335953,199.251968
124.950912,199.100479
125.565025,198.945480
126.178314,198.787048
126.790718,198.625153
127.402252,198.459839
128.012802,198.290970
128.622299,198.118362
129.230667,197.941910
129.837936,197.761734
130.444092,197.577927
131.049118,197.390518
131.652985,197.199493
132.255646,197.004776
132.856964,196.806168
133.456940,196.603622
134.055588,196.397293
134.652924,196.187256
135.248932,195.973557
135.843613,195.756210
136.436920,195.535172
137.028763,195.310287
137.619095,195.081497
138.207962,194.848984
138.795380,194.612808
139.381348,194.373077
139.965912,194.129807
140.548965,193.882950
141.130478,193.632431
141.710358,193.378159
142.288635,193.120209
142.865341,192.858719
143.440491,192.593781
144.014069,192.325439
144.586075,192.053665
145.156387,191.778397
145.724884,191.499405
146.291611,191.216812
146.856613,190.930771
147.419891,190.641357
147.981476,190.348648
148.541321,190.052628
149.099365,189.753250
149.655502,189.450302
150.209686,189.143845
150.761963,188.834015
151.312393,188.520859
151.860947,188.204422
152.407608,187.884827
152.952347,187.561905
153.495041,187.235580
154.035599,186.905823
154.574081,186.572632
155.110519,186.236206
155.644943,185.896561
156.177353,185.553772
156.707672,185.207764
157.235809,184.858459
157.761673,184.505722
158.285294,184.149689
158.806732,183.790405
159.325989,183.428024
159.843094,183.062531
160.357986,182.693954
160.870575,182.322189
161.380707,181.947006
161.888382,181.568573
162.393753,181.187027
162.896835,180.802460
163.397598,180.414871
163.896072,180.024338
164.392166,179.630737
164.885681,179.233963
165.376663,178.834045
165.865189,178.431122
166.351303,178.025269
166.834991,177.616531
167.316269,177.204956
167.795029,176.790482
168.271194,176.372986
168.744629,175.952484
169.215439,175.529037
169.683701,175.102753
170.149429,174.673691
170.612610,174.241852
171.073181,173.807236
171.531036,173.369766
171.986038,172.929352
172.438232,172.486084
172.887726,172.040070
173.334534,171.591385
173.778671,171.140015
174.220078,170.685989
174.658646,170.229233
175.094162,169.769562
175.526733,169.307144
175.956482,168.842087
176.383438,168.374435
176.807571,167.904236
177.228928,167.431534
177.647385,166.956268
178.062744,166.478271
178.475052,165.997696
178.884415,165.514572
179.290848,165.028976
179.694412,164.540985
180.095093,164.050629
180.492813,163.557831
180.887375,163.062561
181.278763,162.564758
181.667068,162.064560
182.052353,161.561981
182.434601,161.057144
182.813904,160.550049
183.190140,160.040665
183.563156,159.528946
183.932846,159.014832
184.299286,158.498413
184.662598,157.979767
185.022766,157.458954
185.379837,156.935989
185.733780,156.410889
186.084427,155.883591
186.431641,155.354050
186.775482,154.822327
187.116074,154.288498
187.453430,153.752640
187.787598,153.214752
188.118515,152.674866
188.446152,152.132980
188.770187,151.588959
189.090759,151.042862
189.407944,150.494812
189.721832,149.944855
190.032455,149.393051
190.339783,148.839386
190.643768,148.283875
190.944168,147.726425
191.241028,147.167084
191.534409,146.605927
191.824432,146.042984
192.111053,145.478348
192.394394,144.912003
192.674271,144.343979
192.950562,143.774200
193.223206,143.202667
193.492264,142.629440
193.757828,142.054581
194.019958,141.478134
194.278671,140.900146
194.533890,140.320602
194.785507,139.739502
195.033310,139.156799
195.277496,138.572540
195.518066,137.986786
195.755112,137.399597
195.988647,136.811005
196.218689,136.221024
196.445068,135.629623
196.667542,135.036758
196.886200,134.442490
197.101227,133.846893
197.312637,133.250000
197.520523,132.651855
197.724854,132.052490
197.925522,131.451889
198.122360,130.850021
198.315323,130.246918
198.504547,129.642624
198.690140,129.037201
198.872101,128.430695
199.050522,127.823090
199.225250,127.214424
199.396149,126.604675
199.563126,125.993843
199.726288,125.381996
199.885742,124.769180
200.041519,124.155396
200.193665,123.540688
200.342117,122.925095
200.486740,122.308578
200.627335,121.691162
200.764023,121.072868
200.896942,120.453751
201.026154,119.833832
201.273438,118.591743
201.505722,117.346756
201.721909,116.098915
201.922607,114.848473
202.108261,113.595688
202.195343,112.968483
202.278458,112.340752
202.357666,111.712494
202.433075,111.083755
202.504776,110.454590
202.572693,109.824997
202.636810,109.195000
202.696884,108.564613
202.752884,107.933876
202.804932,107.302803
202.853165,106.671402
202.897568,106.039726
202.938232,105.407791
202.975067,104.775612
203.007950,104.143227
203.036942,103.510658
203.062302,102.877914
203.084061,102.245033
203.102356,101.612038
203.117188,100.978935
203.128632,100.345749
203.136505,99.712509
203.142227,99.079201
203.146210,98.445839
203.148605,97.812439
203.149612,97.179001
203.149368,96.545547
203.148026,95.912079
203.145645,95.278580
203.142181,94.645096
203.138947,94.011612
203.136246,93.378120
203.134109,92.744637
203.132706,92.111191
203.132187,91.477730
203.132645,90.844292
203.134308,90.210876
203.137039,89.577477
203.140793,88.944092
203.145599,88.310730
203.151443,87.677383
203.158310,87.044067
203.166245,86.410767
203.175262,85.777496
203.184845,85.144234
203.194748,84.510986
203.204956,83.877724
203.215408,83.244469
203.226044,82.611221
203.236847,81.977959
203.247726,81.344688
203.258438,80.711418
203.268845,80.078140
203.278976,79.444839
203.288773,78.811539
203.298218,78.178223
203.307266,77.544899
203.315887,76.911552
203.324158,76.278214
203.332138,75.644859
203.339813,75.011505
203.347198,74.378143
203.354309,73.744774
203.361130,73.111412
203.367645,72.478043
203.374054,71.844673
203.380402,71.211304
203.386719,70.577934
203.393005,69.944572
203.399277,69.311203
203.405579,68.677849
203.411896,68.044487
203.418289,67.411133
203.424805,66.777779
203.431427,66.144432
203.438126,65.511093
203.444962,64.877754
203.451904,64.244415
203.458954,63.611073
203.466125,62.977730
203.473389,62.344387
203.480743,61.711048
203.488144,61.077709
203.495636,60.444370
203.503204,59.811028
203.510803,59.177689
203.518448,58.544350
203.526108,57.911011
203.533783,57.277664
203.541458,56.644325
203.549118,56.010986
203.556747,55.377651
203.564377,54.744308
203.571991,54.110970
203.579559,53.477631
203.587112,52.844292
203.594620,52.210953
203.602081,51.577610
203.609528,50.944271
203.616943,50.310932
203.624313,49.677593
203.631653,49.044250
203.638992,48.410912
203.646301,47.777573
203.653595,47.144234
203.660858,46.510891
203.668137,45.877552
203.675385,45.244213
203.682678,44.610874
203.689941,43.977531
203.697205,43.344193
203.704453,42.710854
203.711716,42.077515
203.718979,41.444176
203.726242,40.810833
203.733505,40.177494
203.740814,39.544155
203.748138,38.910816
203.755447,38.277473
203.762772,37.644135
203.770096,37.010796
203.777420,36.377457
203.784805,35.744114
203.792191,35.110775
203.799561,34.477436
203.806931,33.844097
203.814316,33.210754
203.821701,32.577415
203.829071,31.944077
203.836456,31.310732
203.843842,30.677387
203.851227,30.044043
203.858612,29.410698
203.865997,28.777353
203.873398,28.144009
203.880753,27.510664
203.888077,26.877319
203.895401,26.243975
203.902725,25.610630
203.910049,24.977285
203.917374,24.343941
203.924698,23.710596
203.932022,23.077250
203.939346,22.443911
203.946671,21.810572
203.953995,21.177231
203.961319,20.543888
203.968643,19.910545
203.975967,19.277203
203.983292,18.643858
203.990616,18.010515
203.997971,17.377171
204.005341,16.743828
204.012726,16.110485
204.020111,15.477140
204.027206,14.843796
204.033936,14.210447
204.040390,13.577098
204.046417,12.943745
204.052109,12.310390
204.057373,11.677030
204.062225,11.043667
204.066574,10.410302
204.069992,9.776937
204.072403,9.143574
204.073700,8.510210
204.073959,7.876849
204.073059,7.243491
204.070938,6.610138
204.067490,5.976796
204.062607,5.343465
204.056305,4.710150
204.048584,4.076850
204.039490,3.443570
204.028961,2.810309
204.016953,2.177075
204.003387,1.543872
203.988846,0.910683
203.973511,0.277503
203.957443,-0.355668
203.940704,-0.988830
203.923401,-1.621982
203.905502,-2.255126
203.887085,-2.888258
203.869141,-3.521400
203.851883,-4.154559
203.835373,-4.787734
203.819656,-5.420929
203.804779,-6.054143
203.790771,-6.687376
203.777695,-7.320628
203.765518,-7.953896
203.754288,-8.587180
203.744003,-9.220478
203.734741,-9.853789
203.726181,-10.487110
203.718277,-11.120441
203.710938,-11.753781
203.704178,-12.387126
203.697952,-13.020478
203.692215,-13.653836
203.687042,-14.287197
203.681992,-14.920561
203.676956,-15.553926
203.671951,-16.187290
203.666931,-16.820656
203.661835,-17.454023
203.656631,-18.087389
203.651306,-18.720755
203.645752,-19.354120
203.639969,-19.987482
203.633942,-20.620844
203.627655,-21.254198
203.621124,-21.887556
203.614288,-22.520905
203.607162,-23.154253
203.599838,-23.787592
203.592361,-24.420935
203.584747,-25.054277
203.576965,-25.687616
203.569077,-26.320950
203.561066,-26.954285
203.552948,-27.587616
203.544785,-28.220949
203.536652,-28.854284
203.528549,-29.487616
203.520432,-30.120947
203.512375,-30.754278
203.504364,-31.387611
203.496399,-32.020943
203.488525,-32.654282
203.480713,-33.287621
203.472961,-33.920959
203.465286,-34.554298
203.457718,-35.187637
203.450195,-35.820976
203.442764,-36.454315
203.435425,-37.087662
203.428101,-37.721008
203.420837,-38.354355
203.413605,-38.987701
203.406387,-39.621048
203.399200,-40.254395
203.392029,-40.887737
203.384872,-41.521080
203.377731,-42.154419
203.370560,-42.787758
203.363358,-43.421097
203.356171,-44.054436
203.348923,-44.687778
203.341675,-45.321117
203.334396,-45.954456
203.327087,-46.587795
203.319763,-47.221138
203.312378,-47.854477
203.305008,-48.487816
203.297607,-49.121155
203.290192,-49.754498
203.282745,-50.387840
203.275330,-51.021179
203.267883,-51.654522
203.260452,-52.287861
203.252945,-52.921200
203.245438,-53.554539
203.237946,-54.187881
203.230438,-54.821220
203.222977,-55.454559
203.215546,-56.087898
203.208084,-56.721237
203.200638,-57.354580
203.193192,-57.987919
203.185745,-58.621258
203.178314,-59.254593
203.170929,-59.887932
203.163528,-60.521275
203.156143,-61.154613
203.148758,-61.787952
203.141388,-62.421291
203.134003,-63.054634
203.126617,-63.687973
203.119217,-64.321312
203.111832,-64.954651
203.104446,-65.587990
203.097061,-66.221329
203.089676,-66.854668
203.082306,-67.488014
203.074921,-68.121353
203.067535,-68.754692
203.060150,-69.388031
203.052765,-70.021370
203.045380,-70.654709
203.038025,-71.288048
203.030640,-71.921387
203.023254,-72.554733
203.015869,-73.188072
203.008499,-73.821411
203.001114,-74.454750
202.993729,-75.088089
202.986343,-75.721428
202.978958,-76.354767
202.971573,-76.988106
202.964188,-77.621445
202.956818,-78.254791
202.949432,-78.888130
202.942047,-79.521469
202.934662,-80.154808
202.927277,-80.788147
202.919846,-81.421486
202.912399,-82.054832
202.904953,-82.688171
202.897522,-83.321510
202.890076,-83.954849
202.882629,-84.588188
202.875229,-85.221535
202.867844,-85.854874
202.860458,-86.488213
202.853058,-87.121552
202.845673,-87.754890
202.838303,-88.388229
202.830917,-89.021568
202.823532,-89.654907
202.816147,-90.288246
202.808762,-90.921593
202.801376,-91.554932
202.794006,-92.188271
202.786621,-92.821609
202.779236,-93.454948
202.771851,-94.088287
202.764465,-94.721626
202.757080,-95.354965
202.749512,-95.988312
202.741714,-96.621651
202.733719,-97.254997
202.725479,-97.888336
202.717010,-98.521660
202.708252,-99.154968
202.699219,-99.788292
202.688339,-100.421547
202.675308,-101.054726
202.660080,-101.687828
202.642502,-102.320854
202.622437,-102.953796
202.599747,-103.586632
202.574188,-104.219345
202.544571,-104.851814
202.510666,-105.484001
202.472534,-106.115913
202.430115,-106.747528
202.383270,-107.378815
202.331955,-108.009743
202.275833,-108.640244
202.214722,-109.270264
202.148666,-109.899765
202.077835,-110.528770
202.002274,-111.157242
201.922043,-111.785164
201.837112,-112.412498
201.747360,-113.039177
201.652481,-113.665092
201.553085,-114.290359
201.449448,-114.914986
201.341690,-115.538971
201.229935,-116.162292
201.114227,-116.784935
200.994568,-117.406860
200.870773,-118.027985
200.743134,-118.648354
200.611832,-119.267982
200.476990,-119.886864
200.338699,-120.504997
200.197067,-121.122383
200.051987,-121.738976
199.903397,-122.354706
199.751144,-122.969521
199.595322,-123.583405
199.436066,-124.196396
199.273392,-124.808472
199.107346,-125.419624
198.937881,-126.029823
198.764893,-126.638992
198.588089,-127.247040
198.407516,-127.853943
198.223297,-128.459732
198.035507,-129.064407
197.844162,-129.667969
197.649200,-130.270355
197.450546,-130.871552
197.247940,-131.471390
197.041458,-132.069916
196.831223,-132.667099
196.617279,-133.263031
196.399719,-133.857635
196.178528,-134.450912
195.953613,-135.042801
195.724808,-135.633194
195.492111,-136.222076
195.255692,-136.809494
195.015686,-137.395447
194.772064,-137.979950
194.524918,-138.562988
194.274170,-139.144501
194.019699,-139.724396
193.761459,-140.302612
193.499603,-140.879211
193.234238,-141.454193
192.965408,-142.027588
192.693192,-142.599380
192.417542,-143.169525
192.138336,-143.737930
191.855484,-144.304504
191.569061,-144.869293
191.279221,-145.432327
190.986008,-145.993607
190.689514,-146.553146
190.389679,-147.110931
190.086441,-147.666840
189.779572,-148.220749
189.469193,-148.772690
189.155472,-149.322708
188.838440,-149.870834
188.518143,-150.417084
188.194611,-150.961426
187.867783,-151.503799
187.537521,-152.044052
187.203781,-152.582199
186.866760,-153.118256
186.526474,-153.652267
186.183029,-154.184250
185.836380,-154.714188
185.486572,-155.242035
185.133453,-155.767639
184.776917,-156.290939
184.417099,-156.812012
184.054138,-157.330902
183.688065,-157.847595
183.318878,-158.362106
182.946609,-158.874374
182.571152,-159.384277
182.192352,-159.891754
181.810379,-160.396820
181.425323,-160.899521
181.037247,-161.399902
180.646164,-161.897980
180.252121,-162.393692
179.854996,-162.886932
179.454605,-163.377502
179.051086,-163.865509
178.644592,-164.351028
178.235153,-164.834091
177.822830,-165.314728
177.407669,-165.792908
176.989609,-166.268524
176.568451,-166.741425
176.144348,-167.211639
175.717361,-167.679214
175.287521,-168.144257
174.854935,-168.606720
174.419632,-169.066605
173.981552,-169.523849
173.540588,-169.978317
173.096741,-170.429962
172.650055,-170.878799
172.200684,-171.324936
171.748627,-171.768402
171.293945,-172.209137
170.836624,-172.647125
170.376556,-173.082245
169.913681,-173.514359
169.448120,-173.943527
168.979919,-174.369904
168.509155,-174.793396
168.035873,-175.214142
167.560074,-175.631989
167.081650,-176.046844
166.600586,-176.458588
166.116913,-176.867264
165.630722,-177.272964
165.142090,-177.675720
164.651031,-178.075562
164.157608,-178.472458
163.661758,-178.866287
163.163330,-179.256866
162.662445,-179.644257
162.159149,-180.028549
161.653549,-180.409805
161.145676,-180.788025
160.635574,-181.163239
160.123184,-181.535355
159.608459,-181.904160
159.091370,-182.269669
158.572006,-182.631973
158.050461,-182.991135
157.526794,-183.347137
157.001007,-183.700073
156.473099,-184.049805
155.943008,-184.396210
155.410706,-184.739212
154.876266,-185.078842
154.339767,-185.415237
153.801239,-185.748352
153.260742,-186.078293
152.718262,-186.404984
152.173782,-186.728302
151.627228,-187.048050
151.078644,-187.364319
150.528137,-187.677216
149.975739,-187.986816
149.421494,-188.293106
148.865417,-188.596069
148.307510,-188.895615
147.747635,-189.191467
147.185898,-189.483704
146.622375,-189.772491
146.057098,-190.057907
145.490128,-190.339920
144.921478,-190.618576
144.351166,-190.893723
143.779068,-191.165207
143.205276,-191.433060
142.629837,-191.697342
142.052795,-191.958115
141.474213,-192.215439
140.894104,-192.469345
140.312454,-192.719742
139.729263,-192.966461
139.144516,-193.209442
138.558243,-193.448730
137.970520,-193.684448
137.381393,-193.916656
136.790878,-194.145340
136.199005,-194.370483
135.605743,-194.591904
135.011063,-194.809509
134.415024,-195.023315
133.817688,-195.233475
133.219086,-195.440018
132.619263,-195.642990
132.018234,-195.842361
131.415970,-196.038010
130.812454,-196.229691
130.207733,-196.417496
129.601852,-196.601578
128.994873,-196.781982
128.386826,-196.958801
127.777725,-197.131989
127.167587,-197.301468
126.556366,-197.466995
125.944115,-197.628632
125.330887,-197.786453
124.716698,-197.940582
124.101578,-198.091049
123.485596,-198.237885
122.868729,-198.380966
122.250961,-198.520187
121.632339,-198.655411
121.012878,-198.786758
120.392632,-198.914307
119.771629,-199.038193
119.149879,-199.158371
118.527428,-199.274796
117.904259,-199.387314
117.280388,-199.495819
116.655853,-199.600372
116.030693,-199.701096
115.404922,-199.798065
114.778595,-199.891281
114.151695,-199.980759
113.524254,-200.066345
112.896286,-200.147751
112.267822,-200.225128
111.638878,-200.298645
111.009499,-200.368378
110.379707,-200.434372
109.749527,-200.496597
109.118980,-200.554977
108.488075,-200.609253
107.856850,-200.659500
107.225327,-200.705872
106.593536,-200.748459
105.961479,-200.787262
105.329193,-200.822342
104.696724,-200.853592
104.064072,-200.880814
103.431259,-200.904083
102.798317,-200.923553
102.165260,-200.939285
101.532120,-200.951370
100.898903,-200.959824
100.265656,-200.964600
99.632393,-200.965561
98.999092,-200.964020
98.365753,-200.960373
97.732399,-200.954742
97.099052,-200.947327
96.465660,-200.938278
95.832314,-200.927734
95.198952,-200.915695
94.565590,-200.903412
93.932228,-200.891205
93.298859,-200.879196
92.665466,-200.867508
92.032066,-200.856308
91.398682,-200.845673
90.765289,-200.835739
90.132706,-200.826691
89.504890,-200.818634
88.884071,-200.811554
88.271744,-200.805496
87.669121,-200.800430
87.077164,-200.796341
86.496681,-200.793213
85.928276,-200.791107
85.372482,-200.789505
84.829689,-200.788300
84.300201,-200.787399
83.784264,-200.786789
83.282059,-200.786377
82.793701,-200.786194
82.319237,-200.786163
81.858719,-200.786301
81.412125,-200.786346
80.979424,-200.786240
80.560547,-200.786026
80.155396,-200.785721
79.763870,-200.785355
79.385704,-200.784897
79.019630,-200.784393
78.663223,-200.783829
78.315483,-200.783203
77.975456,-200.782547
77.642975,-200.781876
77.316139,-200.781082
76.995049,-200.780273
76.677177,-200.779404
76.362816,-200.778519
76.049286,-200.777557
75.737083,-200.776596
75.423798,-200.775497
75.110565,-200.774551
74.795403,-200.773331
74.479332,-200.772263
74.160202,-200.770996
73.839081,-200.769806
73.514244,-200.768494
73.187164,-200.767166
72.856590,-200.765778
72.524170,-200.764374
72.188896,-200.762894
71.852455,-200.761383
71.513985,-200.759827
71.175156,-200.758270
70.835144,-200.756699
70.495567,-200.755173
70.155594,-200.753555
69.816811,-200.752060
69.478355,-200.750381
69.141670,-200.748917
68.805634,-200.747223
68.471504,-200.745804
68.137985,-200.744080
67.806259,-200.742645
67.474899,-200.740936
67.145050,-200.739487
66.815224,-200.737808
66.486549,-200.736404
66.157501,-200.734756
65.829239,-200.733353
65.500221,-200.731720
65.171669,-200.730331
64.842079,-200.728729
64.512726,-200.727325
64.182182,-200.725723
63.851776,-200.724335
63.520161,-200.722717
63.188694,-200.721329
62.856102,-200.719727
62.523769,-200.718338
62.190453,-200.716766
61.857548,-200.715408
61.523830,-200.713821
61.190685,-200.712463
60.856884,-200.710876
60.523785,-200.709534
60.190140,-200.707962
59.857292,-200.706635
59.523983,-200.705078
59.191517,-200.703766
58.858612,-200.702225
58.526558,-200.700912
58.194038,-200.699417
0.000000,0.000000
0.000000,0.000000
0.000000,0.000000
0.000000,0.000000
0.000000,0.000000
0.000000,0.000000
0.000000,0.000000
0.000000,0.000000
0.000000,0.000000
0.000000,0.000000
0.000000,0.000000
0.000000,0.000000
0.000000,0.000000
0.000000,0.000000
0.000000,0.000000
0.000000,0.000000
0.000000,0.000000
0.000000,0.000000
0.000000,0.000000
0.000000,0.000000
0.000000,0.000000
0.000000,0.000000
0.000000,0.000000
0.000000,0.000000
0.000000,0.000000
0.000000,0.000000
0.000000,0.000000
0.000000,0.000000
0.000000,0.000000
0.000000,0.000000
0.000000,0.000000
0.000000,0.000000
0.000000,0.000000
0.000000,0.000000
0.000000,0.000000
0.000000,0.000000
0.000000,0.000000
0.000000,0.000000
0.000000,0.000000
0.000000,0.000000
0.000000,0.000000
0.000000,0.000000
0.000000,0.000000
0.000000,0.000000
0.000000,0.000000
0.000000,0.000000
0.000000,0.000000
0.000000,0.000000
0.000000,0.000000
0.000000,0.000000
0.000000,0.000000
0.000000,0.000000
0.000000,0.000000
0.000000,0.000000
0.000000,0.000000
0.000000,0.000000
0.000000,0.000000
0.000000,0.000000
0.000000,0.000000
0.000000,0.000000
0.000000,0.000000
0.000000,0.000000
0.000000,0.000000
0.000000,0.000000
0.000000,0.000000
0.000000,0.000000
0.000000,0.000000
0.000000,0.000000
0.000000,0.000000
0.000000,0.000000
0.000000,0.000000
0.000000,0.000000
0.000000,0.000000
0.000000,0.000000
0.000000,0.000000
